    0.018278    0.816794696   -0.048082913    0.574921262     44.06245   -0.574331985    0.026669167    0.818187953      1.14887   -0.054673531   -0.998487250   -0.005832320     -0.01198
    0.051645    0.814018921   -0.045607488    0.579045035     44.06316   -0.578603526    0.023696298    0.815264647      1.15331   -0.050903396   -0.998678348   -0.007099418     -0.01304
    0.085012    0.811826570   -0.042561765    0.582345358     44.06287   -0.581931564    0.022819705    0.812917533      1.15904   -0.047888154   -0.998833198   -0.006242392     -0.01416
    0.118378    0.808938552   -0.040499726    0.586496540     44.06218   -0.586021620    0.023991035    0.809940177      1.16566   -0.046873015   -0.998891487   -0.004326442     -0.01510
    0.151745    0.804141601   -0.039884503    0.593098231     44.06234   -0.592494988    0.026822623    0.805127466      1.17183   -0.048020559   -0.998844219   -0.002062181     -0.01551
    0.185112    0.798183339   -0.039929552    0.601089834     44.06423   -0.600313313    0.030546423    0.799181358      1.17789   -0.050272097   -0.998735474    0.000411404     -0.01535
    0.218478    0.791588051   -0.039337683    0.609787589     44.06813   -0.608805819    0.034773180    0.792556813      1.18408   -0.052381603   -0.998620735    0.003577023     -0.01470
    0.251845    0.785483892   -0.037377619    0.617752353     44.07358   -0.616630238    0.037806296    0.786344602      1.18973   -0.052746617   -0.998585799    0.006648067     -0.01401
    0.285212    0.779636374   -0.035624440    0.625218381     44.08005   -0.624073043    0.038641674    0.780409929      1.19584   -0.051961152   -0.998617905    0.007894202     -0.01319
    0.318578    0.774969392   -0.033442126    0.631113354     44.08689   -0.630055231    0.037373365    0.775650461      1.20232   -0.049526230   -0.998741636    0.007892828     -0.01290
    0.351945    0.771086659   -0.031182307    0.635966216     44.09378   -0.634986508    0.036209065    0.771674179      1.21029   -0.047090323   -0.998857631    0.008119982     -0.01270
    0.385312    0.768200488   -0.029317590    0.639537715     44.10154   -0.638645363    0.034690057    0.768718869      1.21878   -0.044722585   -0.998968007    0.007925376     -0.01227
    0.418678    0.765278291   -0.027950752    0.643092445     44.10990   -0.642350855    0.031478907    0.765763970      1.22835   -0.041647526   -0.999113524    0.006135934     -0.01162
    0.452045    0.761599738   -0.028194666    0.647434089     44.11833   -0.646900178    0.026351654    0.762119249      1.23919   -0.038548656   -0.999255048    0.001830279     -0.01098
    0.485412    0.757460649   -0.032612185    0.652065803     44.12910   -0.651764444    0.020610096    0.758141367      1.25157   -0.038163785   -0.999255558   -0.005644126     -0.00986
    0.518778    0.754625229   -0.040141791    0.654927019     44.14669   -0.654967832    0.013958867    0.755527822      1.26408   -0.039470279   -0.999096485   -0.015757868     -0.00586
    0.552145    0.752458591   -0.050506434    0.656700212     44.16474   -0.657269173    0.006703731    0.753626097      1.27839   -0.042465308   -0.998701237   -0.028152042     -0.00260
    0.585512    0.751630213   -0.060862276    0.656770741     44.18345   -0.658054159   -0.001399609    0.752969299      1.29383   -0.044908203   -0.998145192   -0.041102662      0.00024
    0.618878    0.751654197   -0.068972650    0.655941111     44.20261   -0.657989458   -0.009882429    0.752962290      1.31060   -0.045451513   -0.997569602   -0.052811446      0.00261
    0.652245    0.752105728   -0.073493827    0.654931776     44.22222   -0.657592269   -0.017797913    0.753163755      1.32817   -0.043696468   -0.997136847   -0.061714885      0.00440
    0.685612    0.752469086   -0.074648725    0.654383559     44.24223   -0.657375135   -0.023879254    0.753185046      1.34697   -0.040598112   -0.996923943   -0.067040617      0.00599
    0.718978    0.752947096   -0.073493300    0.653964376     44.26262   -0.657021503   -0.027583987    0.753367021      1.36655   -0.037328484   -0.996914168   -0.069055962      0.00709
    0.752345    0.754109772   -0.071450175    0.652850155     44.28334   -0.655831308   -0.029412940    0.754334259      1.38713   -0.034695072   -0.997010407   -0.069039847      0.00793
    0.785712    0.756602205   -0.069166969    0.650206916     44.30444   -0.653059468   -0.030271055    0.756701390      1.40867   -0.032656293   -0.997145723   -0.068073291      0.00876
    0.819078    0.761056362   -0.067168906    0.645198847     44.32577   -0.647906365   -0.029967556    0.761130270      1.43062   -0.031789256   -0.997291474   -0.066326161      0.00950
    0.852445    0.767155931   -0.065749957    0.638082065     44.34761   -0.640638647   -0.028190287    0.767324854      1.45291   -0.032463860   -0.997437843   -0.063748309      0.01044
    0.885812    0.773849430   -0.065119946    0.630013058     44.36960   -0.632460536   -0.026174393    0.774150225      1.47517   -0.033922411   -0.997534107   -0.061440835      0.01195
    0.919178    0.779305957   -0.065098612    0.623253075     44.39186   -0.625642917   -0.024642692    0.779720256      1.49742   -0.035400073   -0.997574513   -0.059932682      0.01382
    0.952545    0.783840566   -0.064731411    0.617578992     44.41446   -0.619846946   -0.021985427    0.784414689      1.51983   -0.037198531   -0.997660506   -0.057356637      0.01594
    0.985912    0.788198141   -0.063454000    0.612141552     44.43732   -0.614105636   -0.016083158    0.789059947      1.54286   -0.040223841   -0.997855161   -0.051644175      0.01822
    1.019278    0.793318616   -0.059567937    0.605885497     44.46042   -0.607262642   -0.006590722    0.794473817      1.56585   -0.043331944   -0.998202496   -0.041401925      0.02063
    1.052645    0.798151773   -0.053851030    0.600044843     44.48377   -0.600696856    0.004931984    0.799461671      1.58820   -0.046011246   -0.998536801   -0.028411672      0.02332
    1.086012    0.800869900   -0.047603834    0.596943279     44.50741   -0.596885150    0.016989831    0.802146784      1.61016   -0.048327227   -0.998721793   -0.014807377      0.02615
    1.119378    0.801245210   -0.042206522    0.596845644     44.53104   -0.596189303    0.028107267    0.802351728      1.63273   -0.050640175   -0.998713468   -0.002642264      0.02897
    1.152745    0.800961286   -0.036479067    0.597603796     44.55471   -0.596490211    0.037369967    0.801749907      1.65648   -0.051579523   -0.998635451    0.008172491      0.03152
    1.186112    0.800855376   -0.032621917    0.597968626     44.57847   -0.596550061    0.044118148    0.801362348      1.68105   -0.052523244   -0.998493565    0.015871650      0.03385
    1.219478    0.801147408   -0.029146274    0.597756912     44.60234   -0.596196465    0.048054470    0.801399116      1.70712   -0.052082690   -0.998419382    0.021121808      0.03592
    1.252845    0.801558322   -0.026649924    0.597322390     44.62609   -0.595714677    0.050062164    0.801634457      1.73387   -0.051266749   -0.998390485    0.024251994      0.03753
    1.286212    0.801723965   -0.024552998    0.597189948     44.64992   -0.595552527    0.051696579    0.801651203      1.76095   -0.050555618   -0.998360964    0.026823786      0.03907
    1.319578    0.800832350   -0.022867864    0.598451843     44.67377   -0.596817333    0.052562964    0.800653612      1.78849   -0.049765641   -0.998355746    0.028446184      0.04009
    1.352945    0.798508540   -0.022179307    0.601574758     44.69780   -0.599970448    0.052334688    0.798308551      1.81617   -0.049189158   -0.998383272    0.028482766      0.04115
    1.386312    0.794763071   -0.024144377    0.606439370     44.72190   -0.604839064    0.051160306    0.794702668      1.84432   -0.050213225   -0.998398554    0.026056860      0.04186
    1.419678    0.790335854   -0.028565106    0.612007576     44.74645   -0.610404254    0.049189258    0.790561233      1.87198   -0.052686664   -0.998380915    0.021439772      0.04284
    1.453045    0.785042583   -0.034807719    0.618463067     44.77149   -0.617002720    0.044574739    0.785697611      1.89970   -0.054916172   -0.998399477    0.013516611      0.04384
    1.486412    0.779442290   -0.040681878    0.625151742     44.79722   -0.623984729    0.038455382    0.780489744      1.92704   -0.055792237   -0.998431855    0.004588880      0.04497
    1.519778    0.773097118   -0.046286567    0.632596553     44.82356   -0.631703784    0.033744082    0.774475091      1.95476   -0.057194183   -0.998358097   -0.003151947      0.04615
    1.553145    0.767028640   -0.051306351    0.639558226     44.85024   -0.638829797    0.031672732    0.768695862      1.98318   -0.059695536   -0.998180593   -0.008482133      0.04700
    1.586512    0.761908119   -0.055838062    0.645273686     44.87731   -0.644705681    0.030067737    0.763839326      2.01243   -0.062053227   -0.997986995   -0.013090263      0.04768
    1.619878    0.758232319   -0.060223784    0.649197078     44.90508   -0.648952775    0.026199813    0.760377450      2.04226   -0.062801650   -0.997841002   -0.019216847      0.04857
    1.653245    0.755118238   -0.064532518    0.652404783     44.93345   -0.652680549    0.019628065    0.757378928      2.07287   -0.061681013   -0.997722553   -0.027297610      0.04943
    1.686612    0.752448799   -0.067482020    0.655184693     44.96237   -0.655951780    0.013183775    0.754687651      2.10440   -0.059565655   -0.997633382   -0.034344835      0.05030
    1.719978    0.750534771   -0.069541106    0.657161770     44.99188   -0.658282827    0.008569289    0.752721919      2.13661   -0.057976523   -0.997542281   -0.039346167      0.05138
    1.753345    0.749490083   -0.069803781    0.658325184     45.02212   -0.659614795    0.005871946    0.751580895      2.16941   -0.056328838   -0.997543459   -0.041642642      0.05247
    1.786712    0.749298053   -0.067570522    0.658776633     45.05278   -0.660015280    0.005144416    0.751234561      2.20274   -0.054150333   -0.997701238   -0.040742876      0.05387
    1.820078    0.749958807   -0.062789050    0.658497778     45.08402   -0.659430608    0.007421011    0.751728809      2.23627   -0.052087057   -0.997999230   -0.035839569      0.05560
    1.853445    0.751257309   -0.056599386    0.657578106     45.11560   -0.658066777    0.012151567    0.752861512      2.26999   -0.050602104   -0.998323018   -0.028117222      0.05766
    1.886812    0.753400099   -0.050631301    0.655610222     45.14727   -0.655656884    0.018005618    0.754844254      2.30415   -0.050023414   -0.998555091   -0.019631327      0.06047
    1.920178    0.756379586   -0.045943326    0.652517535     45.17870   -0.652201670    0.023628960    0.757677144      2.33843   -0.050228518   -0.998664550   -0.012091851      0.06410
    1.953545    0.760803627   -0.047479532    0.647243026     45.21147   -0.646772356    0.026760958    0.762213468      2.37153   -0.053510382   -0.998513668   -0.010348615      0.06931
    1.986912    0.767762806   -0.043611454    0.639248242     45.24438   -0.638787865    0.025605022    0.768956726      2.40445   -0.049903286   -0.998720393   -0.008199885      0.07458
    2.020278    0.772717790   -0.040401094    0.633462681     45.27731   -0.632968482    0.025667235    0.773751959      2.43757   -0.047519661   -0.998853815   -0.005739090      0.07955
    2.053645    0.777217419   -0.036475718    0.628174025     45.31009   -0.627603865    0.026835387    0.778070210      2.47093   -0.045237963   -0.998974166   -0.002035371      0.08457
    2.087012    0.781839731   -0.033054141    0.622602649     45.34288   -0.621982313    0.027811251    0.782537243      2.50441   -0.043181455   -0.999066543    0.001184850      0.08950
    2.120378    0.786382285   -0.029529642    0.617033956     45.37577   -0.616445477    0.027122785    0.786930320      2.53798   -0.039973450   -0.999195854    0.003125464      0.09428
    2.153745    0.789099386   -0.027946953    0.613629470     45.40847   -0.613145410    0.024465104    0.789591138      2.57185   -0.037079175   -0.999309975    0.002169853      0.09924
    2.187112    0.791142110   -0.024978861    0.611122098     45.44118   -0.610714845    0.022446944    0.791532383      2.60587   -0.033489400   -0.999435937    0.002503761      0.10400
    2.220478    0.792551622   -0.023066453    0.609368414     45.47383   -0.608983323    0.021913534    0.792880262      2.64002   -0.031642351   -0.999493740    0.003320522      0.10847
    2.253845    0.794757203   -0.019270444    0.606621495     45.50658   -0.606196552    0.023834944    0.794957631      2.67425   -0.029777976   -0.999530162    0.007261317      0.11290
    2.287212    0.796073836   -0.012380936    0.605072856     45.53928   -0.604613507    0.027716543    0.796036620      2.70868   -0.026626206   -0.999539147    0.014578733      0.11720
    2.320578    0.795797611   -0.001726724    0.605560220     45.57192   -0.605181331    0.033215846    0.795394408      2.74302   -0.021487621   -0.999446710    0.025388110      0.12119
    2.353945    0.792665013    0.009391410    0.609585088     45.60447   -0.609414520    0.040428234    0.791820371      2.77761   -0.017208139   -0.999138308    0.037769308      0.12525
    2.387312    0.785545152    0.019627543    0.618492986     45.63687   -0.618607849    0.050094362    0.784101322      2.81245   -0.015593029   -0.998551608    0.051493135      0.12950
    2.420678    0.779952069    0.021469018    0.625470904     45.66954   -0.625636286    0.052198109    0.778366620      2.84720   -0.015937632   -0.998405949    0.054143820      0.13416
    2.454045    0.772486895    0.026390352    0.634482109     45.70224   -0.634830885    0.057155320    0.770534241      2.88214   -0.015929358   -0.998016442    0.060905146      0.13883
    2.487412    0.766988217    0.027334391    0.641078705     45.73620   -0.641412611    0.060467467    0.764809485      2.91865   -0.017858804   -0.997795829    0.063910458      0.14379
    2.520778    0.761306839    0.027495245    0.647808543     45.77172   -0.648056921    0.064372176    0.758866556      2.95462   -0.020835623   -0.997547109    0.066825462      0.14701
    2.554145    0.756956689    0.027305931    0.652894292     45.80852   -0.653097640    0.065112190    0.754469267      2.98993   -0.021909891   -0.997504280    0.067120547      0.14850
    2.587512    0.754607229    0.025992051    0.655661760     45.84565   -0.655838700    0.061945675    0.752355191      3.02528   -0.021060156   -0.997741022    0.063791247      0.15018
    2.620878    0.753807758    0.023291234    0.656682102     45.88349   -0.656786290    0.057338075    0.751893686      3.06169   -0.020140355   -0.998083095    0.058519249      0.15163
    2.654245    0.755719172    0.020162613    0.654585366     45.92253   -0.654587866    0.053904598    0.754061682      3.10023   -0.020081308   -0.998342508    0.053934940      0.15242
    2.687612    0.757058408    0.019858719    0.653045326     45.96208   -0.653054561    0.052913884    0.755460033      3.14030   -0.019552696   -0.998401599    0.053027728      0.15290
    2.720978    0.756725744    0.023236021    0.653319398     46.00211   -0.653505783    0.053203472    0.755049390      3.18108   -0.017214517   -0.998313317    0.055445311      0.15263
    2.754345    0.756724284    0.027631293    0.653149959     46.04278   -0.653577946    0.053817391    0.754943413      3.22154   -0.014290764   -0.998168423    0.058784130      0.15103
    2.787712    0.757882473    0.027956345    0.651791838     46.08408   -0.652216891    0.055555776    0.755993838      3.26115   -0.015075977   -0.998064125    0.060338349      0.14852
    2.821078    0.760917675    0.024402036    0.648389414     46.12558   -0.648578279    0.057438428    0.758977630      3.30080   -0.018721869   -0.998050784    0.059532546      0.14657
    2.854445    0.764941775    0.017032145    0.643874202     46.16678   -0.643618506    0.058835512    0.763081648      3.34060   -0.024885751   -0.998122382    0.055967945      0.14558
    2.887812    0.770672570    0.007251159    0.637190090     46.20777   -0.636413991    0.059387978    0.769058060      3.38091   -0.032264869   -0.998208640    0.050383424      0.14581
    2.921178    0.776371125   -0.001352570    0.630274580     46.24779   -0.629181879    0.057234577    0.775147964      3.42262   -0.037121941   -0.998359842    0.043584260      0.14813
    2.954545    0.781421642   -0.007827937    0.623954278     46.28724   -0.622769932    0.053056220    0.780604029      3.46517   -0.039215174   -0.998560845    0.036584275      0.15171
    2.987912    0.786323589   -0.014351288    0.617648163     46.32657   -0.616453731    0.048100131    0.785920591      3.50794   -0.040987931   -0.998739414    0.028975363      0.15597
    3.021278    0.791134774   -0.019715377    0.611324033     46.36547   -0.610287270    0.041037488    0.791116536      3.55141   -0.040684363   -0.998963077    0.020434140      0.16124
    3.054645    0.794701917   -0.023025856    0.606563000     46.40458   -0.605847401    0.031459916    0.794958616      3.59673   -0.037387023   -0.999239753    0.011051100      0.16683
    3.088012    0.797066232   -0.023527244    0.603433418     46.44426   -0.603060730    0.021397811    0.797408233      3.64442   -0.031672973   -0.999494173    0.002867116      0.17185
    3.121378    0.799268972   -0.022221233    0.600562510     46.48493   -0.600399137    0.014153507    0.799575234      3.69278   -0.026267613   -0.999652887   -0.002029150      0.17589
    3.154745    0.801613035   -0.017624648    0.597583395     46.52619   -0.597468927    0.011748726    0.801805992      3.74195   -0.021152392   -0.999775644   -0.001112248      0.17955
    3.188112    0.803863507   -0.008005302    0.594759932     46.56702   -0.594619830    0.014718868    0.803872261      3.79091   -0.015189433   -0.999859625    0.007071849      0.18306
    3.221478    0.804713161    0.004498232    0.593646775     46.60647   -0.593598636    0.020914429    0.804489432      3.83927   -0.008797003   -0.999771150    0.019500261      0.18783
    3.254845    0.803579366    0.016804386    0.594960347     46.64418   -0.595191368    0.027267662    0.803121230      3.88543   -0.002727219   -0.999486912    0.031913556      0.19390
    3.288212    0.800422881    0.025278217    0.598902516     46.68090   -0.599433534    0.031040383    0.799822439      3.92969    0.001627922   -0.999198432    0.039998044      0.20099
    3.321578    0.795125744    0.030074989    0.605698395     46.71744   -0.606427949    0.032030344    0.794493046      3.97323    0.004493641   -0.999034310    0.043706465      0.20873
    3.354945    0.787970038    0.031819841    0.614890817     46.75447   -0.615690587    0.032089079    0.787334358      4.01610    0.005321574   -0.998978372    0.044876410      0.21599
    3.388312    0.780042109    0.030793845    0.624968837     46.79294   -0.625716790    0.032675199    0.779365659      4.05832    0.003578684   -0.998991527    0.044756257      0.22236
    3.421678    0.772512277    0.029282459    0.634324302     46.83293   -0.634997745    0.033064861    0.771806050      4.09999    0.001626534   -0.999024150    0.044137306      0.22737
    3.455045    0.766287995    0.027931676    0.641889812     46.87458   -0.642497239    0.033188686    0.765568944      4.14172    0.000080144   -0.999058723    0.043378117      0.23079
    3.488412    0.761475731    0.027581874    0.647606324     46.91711   -0.648192172    0.034363290    0.760701040      4.18448   -0.001272323   -0.999028731    0.044045166      0.23257
    3.521778    0.758014182    0.027908852    0.651640696     46.96034   -0.652224109    0.038971271    0.757023746      4.22800   -0.004267603   -0.998850507    0.047743602      0.23319
    3.555145    0.755685193    0.029915238    0.654251455     47.00331   -0.654886266    0.046704160    0.754282905      4.27089   -0.007991712   -0.998460715    0.054884721      0.23233
    3.588512    0.754062666    0.033107676    0.655967513     47.04489   -0.656696357    0.055956885    0.752076274      4.31275   -0.011806401   -0.997884116    0.063936688      0.23085
    3.621878    0.753259980    0.037320351    0.656663227     47.08459   -0.657555178    0.065275364    0.750573324      4.35285   -0.014852272   -0.997169152    0.073709509      0.22863
    3.655245    0.753124780    0.039982044    0.656661634     47.12257   -0.657624169    0.073461385    0.749755879      4.39010   -0.018262501   -0.996496293    0.081618748      0.22683
    3.688612    0.754538026    0.041147000    0.654965107     47.16060   -0.655841231    0.082771141    0.750347398      4.42945   -0.023337665   -0.995718767    0.089439873      0.22499
    3.721978    0.756633261    0.039869766    0.652622793     47.19878   -0.653118699    0.092942728    0.751530182      4.46932   -0.030693211   -0.994872882    0.096363249      0.22381
    3.755345    0.761678880    0.035943631    0.646956984     47.23679   -0.646726366    0.103622468    0.755650310      4.50875   -0.039878464   -0.993967021    0.102172740      0.22408
    3.788712    0.768317079    0.035166130    0.639102660     47.27296   -0.638536251    0.111179614    0.761518581      4.54773   -0.044275526   -0.993177948    0.107876045      0.22660
    3.822078    0.774201875    0.037031600    0.631854506     47.30776   -0.631428649    0.114106499    0.766992548      4.58746   -0.043695745   -0.992778106    0.111724279      0.23121
    3.855445    0.778576538    0.038260713    0.626382225     47.34290   -0.626183995    0.113179198    0.771416926      4.62863   -0.041378477   -0.992837644    0.112076915      0.23685
    3.888812    0.781582064    0.033304124    0.622912765     47.37979   -0.622452426    0.107298099    0.775267757      4.67204   -0.041017742   -0.993668935    0.104592502      0.24325
    3.922178    0.781894232    0.038373601    0.622228958     47.41256   -0.622589856    0.099280653    0.776224982      4.71167   -0.031988750   -0.994319274    0.101517984      0.25235
    3.955545    0.783680477    0.033108308    0.620281186     47.45545   -0.620496409    0.088015216    0.779254470      4.75072   -0.028794385   -0.995568763    0.089519392      0.26424
    3.988912    0.784116525    0.028779461    0.619945980     47.49710   -0.620067016    0.078245591    0.780637255      4.79455   -0.026041720   -0.996518625    0.079198856      0.27347
    4.022278    0.784981113    0.026551437    0.618950461     47.53748   -0.619063286    0.071960931    0.782037258      4.84050   -0.023776039   -0.997053983    0.072924991      0.27978
    4.055645    0.782994235    0.034062328    0.621095633     47.57179   -0.621814635    0.069071432    0.780112618      4.88273   -0.016327513   -0.997030037    0.075262987      0.28690
    4.089012    0.780185707    0.042585450    0.624096741     47.60771   -0.625485866    0.067165453    0.777339201      4.92525   -0.008814400   -0.996832625    0.079038123      0.29344
    4.122378    0.776650914    0.049715857    0.627966313     47.64416   -0.629929266    0.063785516    0.774028764      4.96661   -0.001573652   -0.996724506    0.080856553      0.29901
    4.155745    0.771880631    0.058697279    0.633052068     47.68025   -0.635730680    0.060546211    0.769532754      5.00863    0.006840575   -0.996438049    0.084050108      0.30358
    4.189112    0.768001016    0.066646893    0.636971452     47.71583   -0.640304638    0.058814017    0.765866099      5.05039    0.013579746   -0.996041718    0.087843540      0.30799
    4.222478    0.763292061    0.073399321    0.641870524     47.75114   -0.645811538    0.059493001    0.761175433      5.09173    0.017682956   -0.995526555    0.092812664      0.31303
    4.255845    0.757233863    0.077571873    0.648520995     47.78715   -0.652873978    0.061357295    0.754977385      5.13184    0.018773515   -0.995096923    0.097106479      0.31930
    4.289212    0.748304704    0.082405764    0.658216803     47.82428   -0.662971182    0.059148478    0.746304676      5.17036    0.022567284   -0.994842072    0.098893731      0.32650
    4.322578    0.747706930    0.077526000    0.659487730     47.86345   -0.663761203    0.059063543    0.745608854      5.20869    0.018852390   -0.995239276    0.095620971      0.33355
    4.355945    0.742370987    0.078334471    0.665393890     47.90205   -0.669570934    0.051662314    0.740949236      5.24719    0.023666078   -0.995587623    0.090803088      0.34101
    4.389312    0.741020016    0.076399041    0.667122570     47.94047   -0.670989149    0.046154522    0.740029271      5.28697    0.025746803   -0.996008507    0.085464353      0.34765
    4.422678    0.739586045    0.075719684    0.668789213     47.97825   -0.672464578    0.041272360    0.738977661      5.32797    0.028352646   -0.996274622    0.081443267      0.35375
    4.456045    0.737347358    0.076384934    0.671181210     48.01532   -0.674798257    0.037569014    0.737045373      5.36907    0.031083546   -0.996370368    0.079245833      0.35926
    4.489412    0.735375427    0.079964687    0.672925427     48.05076   -0.676737569    0.034864570    0.735398344      5.40981    0.035344643   -0.996187789    0.079753656      0.36426
    4.522778    0.731725235    0.083741610    0.676435897     48.08175   -0.680545710    0.034591139    0.731888645      5.44698    0.037890845   -0.995886939    0.082301202      0.36932
    4.556145    0.732084156    0.088359937    0.675459333     48.11558   -0.680017029    0.036032124    0.732310403      5.48918    0.040368666   -0.995436692    0.086464809      0.37119
    4.589512    0.734363153    0.088813357    0.672921204     48.14988   -0.677593964    0.037918206    0.734458052      5.53190    0.039713720   -0.995326277    0.088025128      0.37228
    4.622878    0.738756888    0.084508932    0.668652750     48.18540   -0.673010095    0.039513661    0.738577066      5.57389    0.035995440   -0.995638946    0.086066354      0.37470
    4.656245    0.744953326    0.079094766    0.662411172     48.22237   -0.666270042    0.038204547    0.744731256      5.61419    0.033597226   -0.996134745    0.081159077      0.37954
    4.689612    0.750701167    0.075646969    0.656296651     48.25953   -0.659699832    0.032802107    0.750812995      5.65404    0.035268814   -0.996594982    0.074528873      0.38519
    4.722978    0.756038412    0.073655794    0.650369698     48.29565   -0.653396578    0.026552128    0.756549996      5.69450    0.038455591   -0.996930192    0.068200873      0.38999
    4.756345    0.761039192    0.071283543    0.644777485     48.33051   -0.647417203    0.020841228    0.761850778      5.73523    0.040869468   -0.997238336    0.062011184      0.39332
    4.789712    0.765356590    0.067335080    0.640074431     48.36537   -0.642245336    0.015258296    0.766347253      5.77586    0.041835608   -0.997613739    0.054923679      0.39597
    4.823078    0.768361483    0.062564143    0.636950830     48.40098   -0.638627343    0.009421246    0.769458483      5.81640    0.042139640   -0.997996477    0.047194095      0.39790
    4.856445    0.770195114    0.059358929    0.635040159     48.43791   -0.636391187    0.005184590    0.771349063      5.85691    0.042494032   -0.998223240    0.041768646      0.39874
    4.889812    0.771835745    0.059946414    0.632989739     48.47626   -0.634336844    0.004595686    0.773043109      5.89782    0.043432140   -0.998191017    0.041573334      0.39818
    4.923178    0.774165964    0.064698889    0.629667463     48.51537   -0.631385079    0.008298605    0.775425055      5.93810    0.044943778   -0.997870326    0.047274411      0.39553
    4.956545    0.776723294    0.072350789    0.625672669     48.55461   -0.628059791    0.014294136    0.778033789      5.97763    0.047347909   -0.997276813    0.056543210      0.39104
    4.989912    0.777511919    0.080399421    0.623707583     48.59327   -0.626844090    0.019572811    0.778898833      6.01611    0.050415304   -0.996570538    0.065615996      0.38512
    5.023278    0.775481431    0.087459554    0.625283437     48.63129   -0.629022954    0.021701692    0.777083753      6.05354    0.054393690   -0.995931656    0.071843326      0.37792
    5.056645    0.771946105    0.092323130    0.628948050     48.66873   -0.633087524    0.022252378    0.773760311      6.09078    0.057440385   -0.995480422    0.075626258      0.37011
    5.090012    0.768655896    0.093178658    0.632839515     48.70558   -0.637255728    0.025806189    0.770220214      6.12736    0.055436910   -0.995314914    0.079214712      0.36188
    5.123378    0.763433630    0.094226840    0.638976052     48.74261   -0.643715199    0.029953842    0.764678697      6.16300    0.052913469   -0.995100030    0.083523020      0.35469
    5.156745    0.757442602    0.093029288    0.646240092     48.77988   -0.651149544    0.035168435    0.758134192      6.19901    0.047801431   -0.995042076    0.087214049      0.34976
    5.190112    0.752047833    0.088711822    0.653111223     48.81830   -0.657756415    0.037574993    0.752292907      6.23605    0.042196624   -0.995348347    0.086608962      0.34852
    5.223478    0.748126125    0.082841060    0.658365142     48.85866   -0.662439308    0.035690321    0.748264902      6.27435    0.038489794   -0.995923471    0.081578035      0.35170
    5.256845    0.747385743    0.074489439    0.660201389     48.90252   -0.663468135    0.031339467    0.747547906      6.31186    0.034994065   -0.996729232    0.072844040      0.35929
    5.290212    0.743885219    0.058207647    0.665767715     48.94583   -0.667880970    0.029167140    0.743696368      6.35203    0.023870275   -0.997878323    0.060572784      0.36095
    5.323578    0.741553200    0.054116453    0.668707904     48.98892   -0.670612113    0.030896408    0.741164493      6.39240    0.019448521   -0.998056522    0.059202480      0.36143
    5.356945    0.738697142    0.052610420    0.671981157     49.03158   -0.673859881    0.034757428    0.738041179      6.43351    0.015472320   -0.998010052    0.061127264      0.36161
    5.390312    0.735624512    0.052105175    0.675382579     49.07369   -0.677291460    0.039611097    0.734647698      6.47590    0.011526302   -0.997855707    0.064429284      0.36135
    5.423678    0.733663307    0.052041691    0.677517390     49.11528   -0.679471648    0.045162851    0.732310451      6.51916    0.007512057   -0.997623165    0.068495180      0.36047
    5.457045    0.733344112    0.053371922    0.677759435     49.15667   -0.679842155    0.050840603    0.731594066      6.56300    0.004588883   -0.997279635    0.073568140      0.35958
    5.490412    0.734981208    0.053989187    0.675934754     49.19822   -0.678077289    0.053054450    0.733073267      6.60707    0.003716683   -0.997131081    0.075602866      0.35906
    5.523778    0.735383812    0.055253085    0.675394511     49.23970   -0.677650812    0.059724666    0.732954529      6.65201    0.000160287   -0.996684534    0.081362850      0.35835
    5.557145    0.737450175    0.053262057    0.673298146     49.28113   -0.675378231    0.066435137    0.734473020      6.69813   -0.005611111   -0.996368168    0.084964637      0.35791
    5.590512    0.739751399    0.050655118    0.670970883     49.32308   -0.672825710    0.068383666    0.736633720      6.74506   -0.008569181   -0.996372286    0.084668979      0.35802
    5.623878    0.743766827    0.048595079    0.666670403     49.36346   -0.668374677    0.067918968    0.740717426      6.78655   -0.009284344   -0.996506664    0.082995595      0.36054
    5.657245    0.746264421    0.046686395    0.664010387     49.40327   -0.665612490    0.062873170    0.743644389      6.83003   -0.007030363   -0.996928957    0.077995057      0.36291
    5.690612    0.747178400    0.044448256    0.663135575     49.44147   -0.664610031    0.056327825    0.745064214      6.87357   -0.004236180   -0.997422442    0.071627690      0.36652
    5.723978    0.746777490    0.041744485    0.663762592     49.47957   -0.665073862    0.047431979    0.745269727      6.91726   -0.000372673   -0.998001806    0.063184300      0.37009
    5.757345    0.745395957    0.039943718    0.665424201     49.51767   -0.666614309    0.039873847    0.744335569      6.96124    0.003198507   -0.998406017    0.056348858      0.37354
    5.790712    0.745436791    0.040062567    0.665371311     49.55588   -0.666550763    0.036059514    0.744586994      7.00544    0.005837101   -0.998546294    0.053583823      0.37661
    5.824078    0.745376431    0.038640340    0.665523028     49.59408   -0.666617694    0.034364647    0.744607226      7.04976    0.005901412   -0.998662103    0.051372933      0.37951
    5.857445    0.745037325    0.053838318    0.664846463     49.63143   -0.666897915    0.040838958    0.744029133      7.09284    0.012905640   -0.997714195    0.066331210      0.38209
    5.890812    0.744626849    0.050840522    0.665541958     49.66921   -0.667429409    0.044317999    0.743353145      7.13682    0.008296974   -0.997722986    0.066932831      0.38508
    5.924178    0.742765477    0.057521014    0.667076292     49.70624   -0.669462806    0.047570150    0.741320870      7.17980    0.010908609   -0.997210316    0.073841645      0.38749
    5.957545    0.739341400    0.066305753    0.670058088     49.74277   -0.673107863    0.047179187    0.738037891      7.22193    0.017323362   -0.996683336    0.079512450      0.38984
    5.990912    0.739788836    0.062674211    0.669913741     49.77863   -0.672653925    0.045532830    0.738554980      7.26389    0.015785282   -0.996994837    0.075842734      0.39338
    6.024278    0.737483139    0.057955481    0.672874269     49.81411   -0.675215596    0.042278307    0.736407797      7.30540    0.014230883   -0.997423534    0.070311983      0.39700
    6.057645    0.732654166    0.058889625    0.678048586     49.84808   -0.680374369    0.037658563    0.731896544      7.34559    0.017566778   -0.997553931    0.067657694      0.40155
    6.091012    0.730882170    0.043089400    0.681142097     49.88699   -0.682473966    0.036831441    0.729981322      7.38971    0.006367012   -0.998392082    0.056326837      0.40338
    6.124378    0.726894660    0.039894428    0.685589226     49.92450   -0.686723187    0.033573754    0.726143283      7.43147    0.005951267   -0.998639694    0.051801011      0.40516
    6.157745    0.726482247    0.035926614    0.686245454     49.96218   -0.687161971    0.029762913    0.725894341      7.47296    0.005654263   -0.998911131    0.046309631      0.40606
    6.191112    0.727340248    0.035840508    0.685340515     49.99958   -0.686234746    0.026897072    0.726882673      7.51537    0.007618191   -0.998995498    0.044158324      0.40695
    6.224478    0.729695746    0.032786317    0.682985487     50.03667   -0.683746512    0.026366396    0.729243115      7.55756    0.005901330   -0.999114543    0.041656977      0.40768
    6.257845    0.728697061    0.046910211    0.683227652     50.07231   -0.684622241    0.024963928    0.728470445      7.59785    0.017116656   -0.998587119    0.050306914      0.40950
    6.291212    0.729669676    0.051579327    0.681851697     50.10878   -0.683537140    0.027382844    0.729401918      7.63826    0.018951022   -0.998293420    0.055236817      0.41058
    6.324578    0.732453179    0.054538948    0.678629387     50.14771   -0.680522055    0.029292062    0.732141864      7.67907    0.020051793   -0.998081900    0.058570021      0.41022
    6.357945    0.734862646    0.060724678    0.675491973     50.18730   -0.677792413    0.030561589    0.734617883      7.71901    0.023965326   -0.997686575    0.063617296      0.40956
    6.391312    0.740442930    0.060881025    0.669356235     50.22708   -0.671723215    0.032848263    0.740073587      7.75843    0.023069249   -0.997604377    0.065217462      0.40912
    6.424678    0.747581009    0.056909974    0.661727957     50.26587   -0.663896504    0.035407932    0.746985750      7.79750    0.019080521   -0.997751238    0.064252630      0.41008
    6.458045    0.754957889    0.052345980    0.653680720     50.30294   -0.655569275    0.035382898    0.754305625      7.83693    0.016355748   -0.998001978    0.061029014      0.41289
    6.491412    0.760393571    0.049762977    0.647553290     50.33875   -0.649235452    0.031876703    0.759919209      7.87778    0.017173978   -0.998252234    0.056546729      0.41739
    6.524778    0.762856181    0.044606423    0.645027684     50.37457   -0.646386723    0.028979031    0.762459454      7.92068    0.015318312   -0.998584239    0.050939833      0.42224
    6.558145    0.762531827    0.047744132    0.645186571     50.40789   -0.646614741    0.024109330    0.762435647      7.96160    0.020846812   -0.998568595    0.049256191      0.43035
    6.591512    0.760601202    0.049722653    0.647312498     50.44369   -0.648754718    0.020494642    0.760721556      8.00313    0.024558656   -0.998552767    0.047846054      0.43716
    6.624878    0.758828437    0.054207007    0.649030818     50.48176   -0.650585484    0.016731445    0.759248699      8.04510    0.030297376   -0.998389533    0.047962588      0.44307
    6.658245    0.757566833    0.060142728    0.649981035     50.52081   -0.651759806    0.014657166    0.758283801      8.08758    0.036078376   -0.998082171    0.050302395      0.44819
    6.691612    0.756871557    0.067416534    0.650077271     50.56052   -0.652256528    0.015040191    0.757849071      8.13054    0.041314271   -0.997611549    0.055356367      0.45220
    6.724978    0.756473452    0.075884022    0.649607214     50.60039   -0.652402435    0.017645219    0.757667281      8.17365    0.046032380   -0.996960511    0.062855060      0.45528
    6.758345    0.755752755    0.085540160    0.649246221     50.63972   -0.652910317    0.022036134    0.757114606      8.21678    0.050456828   -0.996091005    0.072503922      0.45805
    6.791712    0.754303357    0.094965793    0.649621385     50.67878   -0.654295673    0.027246183    0.755747853      8.25937    0.054070491   -0.995107604    0.082687594      0.46047
    6.825078    0.751537847    0.104217741    0.651405809     50.71787   -0.657114148    0.031089486    0.753149680      8.30186    0.058239686   -0.994068462    0.091847877      0.46311
    6.858445    0.749968567    0.111281515    0.652045683     50.75784   -0.658628241    0.034296214    0.751686510      8.34388    0.061286115   -0.993196956    0.099014231      0.46545
    6.891812    0.747203533    0.117131081    0.654192013     50.79846   -0.661362721    0.034081754    0.749291522      8.38590    0.065469315   -0.992531483    0.102932137      0.46796
    6.925178    0.744263646    0.119164044    0.657169351     50.84147   -0.664515593    0.033396173    0.746527777      8.42894    0.067012327   -0.992312766    0.104041923      0.47009
    6.958545    0.744420252    0.114831574    0.657763025     50.89413   -0.664767872    0.035063090    0.746226678      8.47769    0.062627180   -0.992765979    0.102438016      0.46906
    6.991912    0.744536587    0.108880938    0.658642704     50.94456   -0.665154078    0.036928499    0.745792423      8.52373    0.056879892   -0.993368626    0.099917218      0.46945
    7.025278    0.745796364    0.102494117    0.658242158     50.99249   -0.664214112    0.038668829    0.746541583      8.56864    0.051062667   -0.993981729    0.096917111      0.46999
    7.058645    0.747907465    0.096491556    0.656752468     51.03797   -0.662250831    0.040843164    0.748168212      8.61338    0.045368067   -0.994495458    0.094448521      0.47038
    7.092012    0.749695062    0.091424435    0.655437935     51.08114   -0.660581825    0.043724837    0.749479680      8.65770    0.039861839   -0.994851603    0.093173614      0.47024
