    0.008473    0.568928208    0.092530211    0.817165133     44.16966   -0.822016967    0.093795894    0.561685353      1.43745   -0.024673870   -0.991282246    0.129424533     -0.03012
    0.041840    0.578098643    0.091302026    0.810842709     44.18082   -0.815549776    0.096422533    0.570597282      1.44498   -0.026086820   -0.991144104    0.130203082     -0.02996
    0.075207    0.588281028    0.090666246    0.803557754     44.19179   -0.808211054    0.098901659    0.580528512      1.45296   -0.026838854   -0.990958169    0.131459432     -0.03001
    0.108573    0.598981445    0.089145283    0.795785365     44.20258   -0.800302644    0.100333027    0.591142083      1.46148   -0.027146026   -0.990952270    0.131440827     -0.02973
    0.141940    0.609484442    0.086017422    0.788117832     44.21333   -0.792339670    0.099888833    0.601847214      1.47012   -0.026954825   -0.991273536    0.129035705     -0.02946
    0.175307    0.619738252    0.082182471    0.780493780     44.22414   -0.784383069    0.097605736    0.612549035      1.47969   -0.025839877   -0.991826175    0.124952547     -0.02917
    0.208673    0.629935200    0.077635323    0.772757660     44.23513   -0.776256228    0.094525441    0.623290630      1.49008   -0.024655890   -0.992490654    0.119809806     -0.02910
    0.242040    0.640764113    0.071639501    0.764388078     44.24656   -0.767313642    0.092850064    0.634514492      1.50140   -0.025517180   -0.993099515    0.114464955     -0.02887
    0.275407    0.652324790    0.063095800    0.755308737     44.25828   -0.757333517    0.094103203    0.646212451      1.51272   -0.030303680   -0.993561023    0.109170416     -0.02843
    0.308773    0.664407833    0.053408684    0.745459418     44.27065   -0.746450163    0.096898946    0.658348500      1.52294   -0.037072705   -0.993860205    0.104247339     -0.02783
    0.342140    0.675869262    0.045440300    0.735619412     44.28363   -0.735813488    0.098724772    0.669949200      1.53298   -0.042181166   -0.994076757    0.100160624     -0.02710
    0.375507    0.686647572    0.040948596    0.725836293     44.29700   -0.725666003    0.098845059    0.680910058      1.54353   -0.043863020   -0.994259959    0.097586724     -0.02638
    0.408873    0.696042711    0.038770122    0.716952873     44.31085   -0.716712525    0.097297199    0.690547906      1.55468   -0.042984880   -0.994499941    0.095510039     -0.02593
    0.442240    0.704800647    0.038782484    0.708344526     44.32523   -0.708271420    0.094904400    0.699531808      1.56674   -0.040095431   -0.994730654    0.094357208     -0.02561
    0.475607    0.713355598    0.040266914    0.699644457     44.34001   -0.699861430    0.092646948    0.708244677      1.57962   -0.036301096   -0.994884475    0.094271479     -0.02543
    0.508973    0.721294565    0.041211920    0.691401279     44.35525   -0.691804707    0.091536129    0.716259300      1.59286   -0.033769776   -0.994948599    0.094535113     -0.02512
    0.542340    0.728503195    0.042583298    0.683717601     44.37096   -0.684289411    0.092018496    0.723381365      1.60660   -0.032110701   -0.994846350    0.096175068     -0.02487
    0.575707    0.734950299    0.044088025    0.676686267     44.38725   -0.677393690    0.093935315    0.729598482      1.62046   -0.031398181   -0.994601630    0.098902738     -0.02454
    0.609073    0.740352630    0.045302339    0.670690451     44.40424   -0.671461840    0.097170129    0.734640703      1.63488   -0.031890135   -0.994236222    0.102358952     -0.02392
    0.642440    0.744697471    0.046446899    0.665784020     44.42184   -0.666573402    0.101461333    0.738502199      1.64935   -0.033250198   -0.993754639    0.106518266     -0.02351
    0.675807    0.748012116    0.046883804    0.662027027     44.43996   -0.662724072    0.106424481    0.741262865      1.66456   -0.035702659   -0.993214850    0.110677827     -0.02286
    0.709173    0.750632219    0.046925386    0.659051804     44.45855   -0.659592553    0.111473628    0.743311035      1.68008   -0.038586739   -0.992658873    0.114627332     -0.02193
    0.742540    0.752327011    0.046074625    0.657176687     44.47764   -0.657442954    0.116265006    0.744480497      1.69569   -0.042104992   -0.992148969    0.117760742     -0.02102
    0.775907    0.753670916    0.044586714    0.655737886     44.49712   -0.655671515    0.120152252    0.745424913      1.71181   -0.045552337   -0.991753730    0.119789496     -0.01983
    0.809273    0.754757148    0.043222458    0.654578847     44.51667   -0.654241110    0.122705069    0.746265392      1.72792   -0.048064718   -0.991501531    0.120890437     -0.01869
    0.842640    0.756033487    0.042568455    0.653147222     44.53631   -0.652656827    0.124528704    0.747349763      1.74411   -0.049522052   -0.991302441    0.121930463     -0.01744
    0.876007    0.757879806    0.041764599    0.651056002     44.55589   -0.650392904    0.126475901    0.748994604      1.76021   -0.051061436   -0.991090089    0.123016930     -0.01602
    0.909373    0.760073010    0.041037987    0.648540595     44.57538   -0.647681398    0.129074187    0.750898569      1.77542   -0.052894484   -0.990785415    0.124685347     -0.01446
    0.942740    0.761617410    0.039391406    0.646828600     44.59495   -0.645603982    0.132357713    0.752114974      1.78964   -0.055985888   -0.990418979    0.126237187     -0.01270
    0.976107    0.761716830    0.038111259    0.646788221     44.61421   -0.645194037    0.135927607    0.751829994      1.80338   -0.059263188   -0.989985463    0.128127503     -0.01078
    1.009473    0.760087132    0.037574510    0.648733927     44.63316   -0.646827190    0.139470479    0.749775014      1.81727   -0.062306803   -0.989513083    0.130313931     -0.00910
    1.042840    0.757933964    0.038218908    0.651210734     44.65146   -0.649136612    0.142865307    0.747135304      1.83237   -0.064480726   -0.989003953    0.133091760     -0.00780
    1.076207    0.756666349    0.039020275    0.652635774     44.66914   -0.650422399    0.146279440    0.745354297      1.84832   -0.066383266   -0.988473441    0.136064390     -0.00688
    1.109573    0.756671714    0.038933673    0.652634726     44.68640   -0.650158685    0.149944907    0.744855831      1.86487   -0.068859280   -0.987927474    0.138772135     -0.00619
    1.142940    0.757821569    0.038429981    0.651329107     44.70363   -0.648516816    0.153975950    0.745464517      1.88088   -0.071640831   -0.987326969    0.141608785     -0.00565
    1.176307    0.759110632    0.038050805    0.649848586     44.72072   -0.646709232    0.158002820    0.746191851      1.89661   -0.074284709   -0.986705247    0.144549428     -0.00506
    1.209673    0.759637880    0.038971704    0.649177555     44.73792   -0.645874750    0.162061553    0.746044141      1.91224   -0.076132111   -0.986010781    0.148278934     -0.00451
    1.243040    0.758819228    0.041907715    0.649951631     44.75511   -0.646720666    0.166629000    0.744303135      1.92782   -0.077108746   -0.985128682    0.153543874     -0.00416
    1.276407    0.756017044    0.047140973    0.652852171     44.77228   -0.650106489    0.170125329    0.740553121      1.94307   -0.076156296   -0.984294215    0.159264301     -0.00392
    1.309773    0.751803526    0.054632227    0.657120063     44.78960   -0.655112986    0.175170155    0.734943802      1.95806   -0.074956207   -0.983021229    0.167483822     -0.00360
    1.343140    0.745287633    0.062240550    0.663831649     44.80663   -0.662707813    0.178525488    0.727287429      1.97369   -0.073244100   -0.981964747    0.174300137     -0.00342
    1.376507    0.737111703    0.067293592    0.672412009     44.82338   -0.671939199    0.178796958    0.718699771      1.99025   -0.071861332   -0.981581999    0.177010533     -0.00265
    1.409873    0.728034956    0.069494616    0.682008505     44.83974   -0.681892891    0.175892833    0.709988589      2.00784   -0.070620024   -0.981953262    0.175444015     -0.00190
    1.443240    0.719907152    0.071051008    0.690424106     44.85568   -0.690685996    0.171451527    0.702536283      2.02636   -0.068458356   -0.982627156    0.172503117     -0.00076
    1.476607    0.713879225    0.073160424    0.696436648     44.87072   -0.697164268    0.167796290    0.696998127      2.04606   -0.065866807   -0.983103228    0.170791119      0.00053
    1.509973    0.711741446    0.076055906    0.698311974     44.88499   -0.699630242    0.165606472    0.695048214      2.06606   -0.062782461   -0.983254797    0.171080002      0.00210
    1.543340    0.713342955    0.079215493    0.696323728     44.89905   -0.698293725    0.164548855    0.696641620      2.08520   -0.059394463   -0.983182882    0.172695448      0.00399
    1.576707    0.717382598    0.082264296    0.691805459     44.91302   -0.694397426    0.164737926    0.700481000      2.10295   -0.056342021   -0.982900810    0.175304236      0.00600
    1.610073    0.722725727    0.085543845    0.685820511     44.92667   -0.689059949    0.166021300    0.705431297      2.12004   -0.053515508   -0.982404794    0.178932702      0.00799
    1.643440    0.728851223    0.089175788    0.678839874     44.93999   -0.682805172    0.167840043    0.711060347      2.13673   -0.050527147   -0.981772580    0.183220110      0.00981
    1.676807    0.735262670    0.092892414    0.671386480     44.95330   -0.676109207    0.170078461    0.716902822      2.15240   -0.047593546   -0.981042464    0.187857759      0.01118
    1.710173    0.740948049    0.095784623    0.664696393     44.96629   -0.670033902    0.172180626    0.722086146      2.16829   -0.045283092   -0.980397439    0.191755844      0.01240
    1.743540    0.745961572    0.096710002    0.658929821     44.97942   -0.664524100    0.173671647    0.726805255      2.18371   -0.044148089   -0.980043537    0.193818502      0.01334
    1.776907    0.750074779    0.095381527    0.654438837     44.99262   -0.659861556    0.174352809    0.730878803      2.19897   -0.044390913   -0.980052785    0.193716248      0.01395
    1.810273    0.753753033    0.092162818    0.650663031     45.00583   -0.655577062    0.174088711    0.734786933      2.21502   -0.045553054   -0.980407637    0.191639724      0.01463
    1.843640    0.757862572    0.087665995    0.646497483     45.01959   -0.650707649    0.173195665    0.739312395      2.23073   -0.047158005   -0.980978050    0.188303446      0.01510
    1.877007    0.762214962    0.083287701    0.641943542     45.03380   -0.645534844    0.171479491    0.744230844      2.24634   -0.048094876   -0.981660808    0.184469347      0.01543
    1.910373    0.766616334    0.080056363    0.637095264     45.04836   -0.640278929    0.170092797    0.749073650      2.26206   -0.048397203   -0.982170769    0.181654319      0.01568
    1.943740    0.771249794    0.078157212    0.631716080     45.06314   -0.634716143    0.169350258    0.753960150      2.27814   -0.048053858   -0.982452004    0.180218996      0.01587
    1.977107    0.776428461    0.077171690    0.625462529     45.07800   -0.628388697    0.170107978    0.759072409      2.29424   -0.047817265   -0.982399006    0.180570494      0.01609
    2.010473    0.781880112    0.076753324    0.618686042     45.09382   -0.621567472    0.172602782    0.764108734      2.30960   -0.048139047   -0.981996541    0.182662052      0.01643
    2.043840    0.786807474    0.076726890    0.612410797     45.11032   -0.615262468    0.176035229    0.768416355      2.32439   -0.048847678   -0.981389109    0.185713009      0.01697
    2.077207    0.791249539    0.076214061    0.606725295     45.12701   -0.609464358    0.179052222    0.772329915      2.33902   -0.049773113   -0.980883132    0.188124742      0.01758
    2.110573    0.795061910    0.074427693    0.601944414     45.14439   -0.604390305    0.180474551    0.775977639      2.35303   -0.050881422   -0.980759632    0.188471817      0.01850
    2.143940    0.797584045    0.071561887    0.598947901     45.16314   -0.600922273    0.180618440    0.778633033      2.36595   -0.052460587   -0.980946418    0.187061517      0.01990
    2.177307    0.798142656    0.068310099    0.598583354     45.18255   -0.600037323    0.179299034    0.779619822      2.37842   -0.054069509   -0.981420189    0.184094816      0.02179
    2.210673    0.797183942    0.066170182    0.600099382     45.20149   -0.601301455    0.176202868    0.779351724      2.39119   -0.054169387   -0.982127312    0.180254324      0.02353
    2.244040    0.796015892    0.065531640    0.601717794     45.21910   -0.602983040    0.172300817    0.778924825      2.40537   -0.052632247   -0.982862164    0.176668656      0.02526
    2.277407    0.795659501    0.064905768    0.602256755     45.23555   -0.603586778    0.168788868    0.779226103      2.42024   -0.051077967   -0.983512867    0.173474730      0.02691
    2.310773    0.796443397    0.062500918    0.601474480     45.25163   -0.602549852    0.166079443    0.780609566      2.43463   -0.051103732   -0.984129694    0.169932795      0.02886
    2.344140    0.797205976    0.058116254    0.600903597     45.26849   -0.601370595    0.163939025    0.781970206      2.44783   -0.053066371   -0.984757075    0.165642577      0.03123
    2.377507    0.795501705    0.054323747    0.603511366     45.28522   -0.603336806    0.163430740    0.780560755      2.46059   -0.056229324   -0.985058031    0.162784948      0.03386
    2.410873    0.795988528    0.050312879    0.603217107     45.30050   -0.602588086    0.160292812    0.781788854      2.47449   -0.057357318   -0.985786401    0.157909181      0.03628
    2.444240    0.795916005    0.050840514    0.603268560     45.31336   -0.602772974    0.159401342    0.781828596      2.48962   -0.056413250   -0.985903877    0.157515367      0.03822
    2.477607    0.795769454    0.051983335    0.603364491     45.32617   -0.602989960    0.160407020    0.781455498      2.50475   -0.056161237   -0.985681146    0.158992436      0.03995
    2.510973    0.800916586    0.050707526    0.596624982     45.33930   -0.596255289    0.158871403    0.786917726      2.52009   -0.054883997   -0.985996260    0.157477372      0.04151
    2.544340    0.804421299    0.047551431    0.592153050     45.35231   -0.591443973    0.157535739    0.790807510      2.53575   -0.055681240   -0.986367757    0.154849111      0.04327
    2.577707    0.806687971    0.047203406    0.589089430     45.36528   -0.588328359    0.158422614    0.792951459      2.55150   -0.055895078   -0.986242421    0.155568719      0.04488
    2.611073    0.810117014    0.039644681    0.584926254     45.37856   -0.583435821    0.152471427    0.797718689      2.56765   -0.057559238   -0.987512412    0.146649825      0.04656
    2.644440    0.809688656    0.036182667    0.585743199     45.39169   -0.583967691    0.148640492    0.798052467      2.58394   -0.058189490   -0.988229133    0.141482028      0.04811
    2.677807    0.806495874    0.036884182    0.590088098     45.40483   -0.588387435    0.147987175    0.794921394      2.60022   -0.058005445   -0.988301246    0.141053235      0.04950
    2.711173    0.801374925    0.034483336    0.597167589     45.41799   -0.595277564    0.143905803    0.790528773      2.61701   -0.058675812   -0.988990404    0.135849658      0.05100
    2.744540    0.793754709    0.030921643    0.607451491     45.43108   -0.604978207    0.143395816    0.783223473      2.63371   -0.062887446   -0.989182234    0.132528025      0.05239
    2.777907    0.786095975    0.032264906    0.617261771     45.44823   -0.615122074    0.138818577    0.776114835      2.65478   -0.060646128   -0.989792089    0.128971580      0.05369
    2.811273    0.778434715    0.033876616    0.626810793     45.46555   -0.624960411    0.135446990    0.768816362      2.67576   -0.058854738   -0.990205276    0.126608183      0.05478
    2.844640    0.771211742    0.036139284    0.635552044     45.48410   -0.634082122    0.131946246    0.761925226      2.69777   -0.056323274   -0.990597870    0.124673768      0.05447
    2.878007    0.764702526    0.037766286    0.643275799     45.50326   -0.642111352    0.128418136    0.755778932      2.72049   -0.054065316   -0.991000752    0.122451834      0.05361
    2.911373    0.759936691    0.038115117    0.648878620     45.52287   -0.647831418    0.125836221    0.751318640      2.74361   -0.053015835   -0.991318558    0.120319732      0.05281
    2.944740    0.756484178    0.038821362    0.652858783     45.54241   -0.651880487    0.125285266    0.747900684      2.76658   -0.052759063   -0.991360935    0.120083209      0.05172
    2.978107    0.753307903    0.040559931    0.656416100     45.56196   -0.655547853    0.126387256    0.744502031      2.79040   -0.052765679   -0.991151428    0.121797494      0.05206
    3.011473    0.749779613    0.042252463    0.660337233     45.58124   -0.659455939    0.129610265    0.740485681      2.81371   -0.054299140   -0.990664377    0.125042772      0.05275
    3.044840    0.746942096    0.045575039    0.663325276     45.59997   -0.662499876    0.135515075    0.736701825      2.83598   -0.056315360   -0.989726518    0.131415372      0.05339
    3.078207    0.742272410    0.046315487    0.668495733     45.61891   -0.667406192    0.140430831    0.731333136      2.85857   -0.060005361   -0.989006601    0.135149175      0.05389
    3.111573    0.739838340    0.045795696    0.671224244     45.63770   -0.669744865    0.144865415    0.728323985      2.87928   -0.063883075   -0.988390998    0.137848421      0.05381
    3.144940    0.739002499    0.043229717    0.672314285     45.65655   -0.670107052    0.150132386    0.726922834      2.89963   -0.069511479   -0.987720334    0.139916747      0.05390
    3.178307    0.740107043    0.040019049    0.671297282     45.67531   -0.668596999    0.151029735    0.728126412      2.91959   -0.072246924   -0.987718834    0.138534787      0.05385
    3.211673    0.743077851    0.038300494    0.668108060     45.69423   -0.665046035    0.153396062    0.730878526      2.94005   -0.074492137   -0.987422260    0.139456808      0.05373
    3.245040    0.746566085    0.036163220    0.664327707     45.71312   -0.660908794    0.154991599    0.734286845      2.96071   -0.076411037   -0.987253679    0.139612061      0.05373
    3.278407    0.750501509    0.037003696    0.659831957     45.73211   -0.656401446    0.157632783    0.737759478      2.98144   -0.076711320   -0.986804252    0.142592921      0.05334
    3.311773    0.754853350    0.037390504    0.654826978     45.75030   -0.651392647    0.159497544    0.741787135      3.00159   -0.076707500   -0.986489982    0.144753154      0.05408
    3.345140    0.759406791    0.040168286    0.649374957     45.76790   -0.646464489    0.159159799    0.746158042      3.02180   -0.073382498   -0.986435334    0.146834403      0.05540
    3.378507    0.763930252    0.043821795    0.643809149     45.78524   -0.641453693    0.160321121    0.750222832      3.04153   -0.070340094   -0.986091673    0.150583807      0.05727
    3.411873    0.768725795    0.048218070    0.637758316     45.80206   -0.636026665    0.162575495    0.754346929      3.06089   -0.067310721   -0.985517238    0.155643955      0.05963
    3.445240    0.772704208    0.050609129    0.632745544     45.81839   -0.631405836    0.163714806    0.757973702      3.07894   -0.065229425   -0.985208698    0.158458019      0.06285
    3.478607    0.775888553    0.052097473    0.628715203     45.83435   -0.627507488    0.166488649    0.760602315      3.09674   -0.065048486   -0.984666128    0.161868192      0.06647
    3.511973    0.778419852    0.051253015    0.625648193     45.85072   -0.624290925    0.167599764    0.763001415      3.11417   -0.065752367   -0.984521939    0.162459776      0.06936
    3.545340    0.780289582    0.048934623    0.623501060     45.86704   -0.621772408    0.168186757    0.764926328      3.13138   -0.067433240   -0.984539800    0.161660573      0.07220
    3.578707    0.781838686    0.045960308    0.621784463     45.88379   -0.619660381    0.167512612    0.766785848      3.14807   -0.068915026   -0.984798038    0.159447622      0.07385
    3.612073    0.783877780    0.041339246    0.619537483     45.90068   -0.616927310    0.164756577    0.769581681      3.16432   -0.070258949   -0.985467573    0.154652330      0.07501
    3.645440    0.785719164    0.037071906    0.617471513     45.91747   -0.614571865    0.160279793    0.772406506      3.18107   -0.070333625   -0.986375213    0.148718255      0.07590
    3.678807    0.787103042    0.034714617    0.615843890     45.93430   -0.612935959    0.155908363    0.774598020      3.19840   -0.069125339   -0.987161323    0.143993783      0.07684
    3.712173    0.788617667    0.034562826    0.613911709     45.95113   -0.611216438    0.152948008    0.776544508      3.21529   -0.067057000   -0.987629646    0.141742869      0.07655
    3.745540    0.791067334    0.034822717    0.610737138     45.96746   -0.608282139    0.150614262    0.779299803      3.23139   -0.064848387   -0.987979110    0.140328059      0.07656
    3.778907    0.794296066    0.035117811    0.606515044     45.98348   -0.604357824    0.147573898    0.782926284      3.24806   -0.062011132   -0.988427379    0.138441091      0.07757
    3.812273    0.796629551    0.035823017    0.603405394     45.99878   -0.601664576    0.143018898    0.785840526      3.26506   -0.058147196   -0.989071436    0.135486520      0.07951
    3.845640    0.797858370    0.035926799    0.601773452     46.01400   -0.600356999    0.137948904    0.787744612      3.28239   -0.054712846   -0.989787535    0.131632593      0.08136
    3.879007    0.798296595    0.036009346    0.601187054     46.02940   -0.600034702    0.133370832    0.788777902      3.29942   -0.051777441   -0.990411807    0.128076338      0.08206
    3.912373    0.798952978    0.034790667    0.600386332     46.04500   -0.599268237    0.129911316    0.789937105      3.31595   -0.050514540   -0.990915062    0.124641975      0.08198
    3.945740    0.800354134    0.033024567    0.598617272     46.06090   -0.597464405    0.126698880    0.791823010      3.33209   -0.049694526   -0.991391331    0.121134976      0.08106
    3.979107    0.802420055    0.030592367    0.595974968     46.07657   -0.594724746    0.123398117    0.794402531      3.34878   -0.049239535   -0.991885584    0.117211162      0.08047
    4.012473    0.804564471    0.027261328    0.593239270     46.09218   -0.591838931    0.119259766    0.797184915      3.36611   -0.049017258   -0.992488755    0.112086486      0.08031
    4.045840    0.806234332    0.023282642    0.591137988     46.10761   -0.589537586    0.114908380    0.799525796      3.38444   -0.049311635   -0.993103208    0.106369074      0.08079
    4.079207    0.807089830    0.020491355    0.590072970     46.12296   -0.588389664    0.110899639    0.800936248      3.40364   -0.049026611   -0.993620337    0.101562872      0.08163
    4.112573    0.806960063    0.019141331    0.590295745     46.13837   -0.588625829    0.107841573    0.801180272      3.42345   -0.048322764   -0.993983805    0.098290924      0.08258
    4.145940    0.806563218    0.018743999    0.590850605     46.15390   -0.589236280    0.105805743    0.801002966      3.44305   -0.047501388   -0.994210142    0.096383665      0.08347
    4.179307    0.805967829    0.018979893    0.591654986     46.16914   -0.590152668    0.103791321    0.800591775      3.46285   -0.046213506   -0.994417983    0.094853500      0.08504
    4.212673    0.804746183    0.020995325    0.593247653     46.18404   -0.592028912    0.101486089    0.799501307      3.48316   -0.043420594   -0.994615388    0.094100382      0.08755
    4.246040    0.801899942    0.023397018    0.597000053     46.19859   -0.596159003    0.097199847    0.796960873      3.50303   -0.039381806   -0.994989834    0.091892895      0.09096
    4.279407    0.797776094    0.024551212    0.602453767     46.21344   -0.601924796    0.090778363    0.793376222      3.52199   -0.035211419   -0.995568444    0.087198791      0.09377
    4.312773    0.792867577    0.022758256    0.608968856     46.22909   -0.608516154    0.083185115    0.789169390      3.54123   -0.032697026   -0.996274208    0.079803547      0.09637
    4.346140    0.788000607    0.022589804    0.615259899     46.24541   -0.614931468    0.077958197    0.784717662      3.56094   -0.030237935   -0.996700667    0.075322288      0.09847
    4.379507    0.783134006    0.024939820    0.621352665     46.26208   -0.621229434    0.076111551    0.779923728      3.58035   -0.027840957   -0.996787358    0.075098894      0.10029
    4.412873    0.778309077    0.028572607    0.627230888     46.27893   -0.627341042    0.076820973    0.774946292      3.59845   -0.026042251   -0.996635412    0.077715229      0.10197
    4.446240    0.773131393    0.030609763    0.633506821     46.29578   -0.633709653    0.078345570    0.769593430      3.61619   -0.026075380   -0.996456228    0.079969122      0.10391
    4.479607    0.767537892    0.030134329    0.640294859     46.31287   -0.640386766    0.079858376    0.763889671      3.63299   -0.028113605   -0.996350622    0.080591955      0.10547
    4.512973    0.762130110    0.028137121    0.646812182     46.33051   -0.646677540    0.081041597    0.758446055      3.64939   -0.031078204   -0.996313486    0.079959885      0.10623
    4.546340    0.757482030    0.025827482    0.652344936     46.34869   -0.651978895    0.081704797    0.753822159      3.66546   -0.033830383   -0.996321869    0.078728889      0.10623
    4.579707    0.753727996    0.022660416    0.656795717     46.36717   -0.656133070    0.082511990    0.750120768      3.68216   -0.037195473   -0.996332413    0.077059845      0.10605
    4.613073    0.750148546    0.019869066    0.660970786     46.38613   -0.660067428    0.082736744    0.746636205      3.69900   -0.039851607   -0.996373349    0.075179772      0.10530
    4.646440    0.747107829    0.016558233    0.664496589     46.40560   -0.663320769    0.083005376    0.743717463      3.71561   -0.042842142   -0.996411528    0.072997386      0.10372
    4.679807    0.744684445    0.012715774    0.667295577     46.42573   -0.665846352    0.082700607    0.741491231      3.73235   -0.045757114   -0.996493311    0.070052607      0.10150
    4.713173    0.743061792    0.008715100    0.669166063     46.44630   -0.667440361    0.082581934    0.740069989      3.74945   -0.048811244   -0.996546171    0.067180289      0.09915
    4.746540    0.742599142    0.006186928    0.669707575     46.46754   -0.667795516    0.082908129    0.739713047      3.76635   -0.050947650   -0.996537989    0.065699108      0.09618
    4.779907    0.743581261    0.004882862    0.668627748     46.48869   -0.666570084    0.084141164    0.740678465      3.78398   -0.052642487   -0.996441881    0.065820563      0.09364
    4.813273    0.745560996    0.003971560    0.666425561     46.50971   -0.664197645    0.086342926    0.742553963      3.80164   -0.054592035   -0.996257560    0.067011819      0.09131
    4.846640    0.748264392    0.004144599    0.663387686     46.52993   -0.661030112    0.089118279    0.745048403      3.81971   -0.056032042   -0.996012427    0.069423740      0.09007
    4.880007    0.750723311    0.005034585    0.660597580     46.54951   -0.658155423    0.091939950    0.747247271      3.83785   -0.056973229   -0.995751826    0.072335003      0.08961
    4.913373    0.753175923    0.004184823    0.657805834     46.56871   -0.655155458    0.094670984    0.749539013      3.85514   -0.059138438   -0.995499820    0.074045615      0.08987
    4.946740    0.755709505    0.001870891    0.654904302     46.58747   -0.651992694    0.096382764    0.752074391      3.87226   -0.061714438   -0.995342586    0.074057178      0.09099
    4.980107    0.757340117   -0.000197379    0.653020603     46.60594   -0.649918929    0.097122036    0.753772310      3.89009   -0.063571469   -0.995272461    0.073426134      0.09288
    5.013473    0.758215936   -0.000785793    0.652003050     46.62484   -0.648829341    0.097645141    0.754642904      3.90767   -0.064257923   -0.995220985    0.073526256      0.09471
    5.046840    0.759551236    0.000501171    0.650447283     46.64397   -0.647344496    0.098144213    0.755852378      3.92477   -0.063458825   -0.995172077    0.074869988      0.09624
    5.080207    0.761936256    0.002820882    0.647645879     46.66300   -0.644682567    0.098952337    0.758019012      3.94202   -0.061947791   -0.995088176    0.077213946      0.09811
    5.113573    0.764084266    0.006795666    0.645080656     46.68099   -0.642381714    0.099989538    0.759834078      3.96016   -0.059337738   -0.994965281    0.080765845      0.10068
    5.146940    0.765011208    0.012437134    0.643896862     46.69876   -0.641595365    0.101340143    0.760319382      3.97866   -0.055796407   -0.994774091    0.085505953      0.10371
    5.180307    0.765126880    0.019322590    0.643589540     46.71654   -0.641774482    0.103645582    0.759857294      3.99669   -0.052022801   -0.994426584    0.091702766      0.10589
    5.213673    0.765276766    0.025077921    0.643212694     46.73429   -0.641758939    0.107293628    0.759363906      4.01398   -0.049969355   -0.993911050    0.098203301      0.10728
    5.247040    0.766238989    0.031071656    0.641803992     46.75133   -0.640754943    0.111674886    0.759580031      4.03117   -0.048071978   -0.993258915    0.105478969      0.10820
    5.280407    0.767644890    0.036759406    0.639820341     46.76714   -0.639234134    0.115322881    0.760315958      4.04804   -0.045837163   -0.992647661    0.112024887      0.10926
    5.313773    0.768991974    0.040831127    0.637953104     46.78199   -0.637749704    0.117524920    0.761224808      4.06539   -0.043893721   -0.992230171    0.116415759      0.11088
    5.347140    0.769347612    0.043270561    0.637363248     46.79616   -0.637415943    0.118350789    0.761376390      4.08308   -0.042487260   -0.992028603    0.118634242      0.11286
    5.380507    0.768413231    0.043968623    0.638441749     46.81011   -0.638568645    0.118288207    0.760419611      4.10116   -0.042085527   -0.992005373    0.118971207      0.11492
    5.413873    0.766449422    0.044734016    0.640744997     46.82433   -0.640967347    0.117608908    0.758504453      4.11978   -0.041426369   -0.992051920    0.118814323      0.11680
    5.447240    0.763171828    0.046281596    0.644536092     46.83903   -0.644932473    0.116887258    0.755247955      4.13851   -0.040383976   -0.992066219    0.119053567      0.11805
    5.480607    0.759171922    0.047744757    0.649136681     46.85457   -0.649677131    0.116442320    0.751239517      4.15721   -0.039719233   -0.992049205    0.119418416      0.11905
    5.513973    0.755147555    0.049000934    0.653720948     46.87039   -0.654386992    0.115841862    0.747233784      4.17533   -0.039113098   -0.992058250    0.119543272      0.11963
    5.547340    0.751172014    0.050325730    0.658185328     46.88621   -0.659028427    0.114137683    0.743407104      4.19326   -0.037711243   -0.992189453    0.118903120      0.12013
    5.580707    0.746846328    0.049983223    0.663115555     46.90256   -0.663958115    0.111755789    0.739371534      4.21114   -0.037150830   -0.992477869    0.116651168      0.12075
    5.614073    0.742449218    0.049246918    0.668089739     46.91942   -0.668896230    0.109136071    0.735300722      4.22957   -0.036701395   -0.992806154    0.113969068      0.12116
    5.647440    0.737724601    0.048831293    0.673333437     46.93671   -0.674113571    0.107228461    0.730802949      4.24817   -0.036514455   -0.993034522    0.112022911      0.12113
    5.680807    0.733468453    0.047477819    0.678063334     46.95456   -0.678676203    0.106507416    0.726673779      4.26646   -0.037717888   -0.993177742    0.110341895      0.12061
    5.714173    0.730097630    0.043921808    0.681929854     46.97203   -0.682171859    0.105243122    0.723578219      4.28421   -0.039987564   -0.993476099    0.106799975      0.11995
    5.747540    0.727628424    0.039421731    0.684837794     46.98909   -0.684682146    0.102918970    0.721538665      4.30197   -0.042038497   -0.993908252    0.101878123      0.11930
    5.780907    0.725353744    0.032293656    0.687618402     47.00643   -0.686899451    0.099352734    0.719929287      4.32006   -0.045067620   -0.994528106    0.094248372      0.11856
    5.814273    0.723260541    0.024371531    0.690145071     47.02410   -0.688870327    0.095643806    0.718547100      4.33863   -0.048496009   -0.995117225    0.085964216      0.11795
    5.847640    0.721507870    0.017797099    0.692177475     47.04262   -0.690521557    0.092202481    0.717411097      4.35744   -0.051052644   -0.995581220    0.078814097      0.11774
    5.881007    0.719778467    0.011700149    0.694105226     47.06120   -0.692139030    0.089154521    0.716236717      4.37508   -0.053502543   -0.995949084    0.072269634      0.11728
    5.914373    0.718316705    0.006118979    0.695689348     47.07996   -0.693495426    0.086132546    0.715293841      4.39051   -0.055544626   -0.996264896    0.066113931      0.11747
    5.947740    0.717074322    0.003442840    0.696988209     47.09857   -0.694739685    0.083940699    0.714346365      4.40727   -0.056046297   -0.996464804    0.062583597      0.11717
    5.981107    0.716294549    0.002353848    0.697794081     47.11717   -0.695609420    0.081548120    0.713776883      4.42481   -0.055223673   -0.996666626    0.060049833      0.11650
    6.014473    0.715977180    0.002540213    0.698119063     47.13561   -0.696103653    0.078614601    0.713624164      4.44274   -0.053069595   -0.996901847    0.058054512      0.11524
    6.047840    0.716684111    0.002529719    0.697393351     47.15394   -0.695520383    0.075921677    0.714483937      4.46162   -0.051139829   -0.997110575    0.056171331      0.11402
    6.081207    0.718952435   -0.000913204    0.695058675     47.17223   -0.693116652    0.073770728    0.717040575      4.48056   -0.051929789   -0.997274810    0.052404688      0.11246
    6.114573    0.723379848   -0.004991879    0.690432239     47.19047   -0.688352068    0.072685040    0.721725928      4.49937   -0.053786863   -0.997342452    0.049142723      0.11119
    6.147940    0.728828423   -0.009552420    0.684629740     47.20861   -0.682391737    0.071836980    0.727448256      4.51749   -0.056130624   -0.997370643    0.045838341      0.11001
    6.181307    0.735260539   -0.014165115    0.677636547     47.22658   -0.675272504    0.070688576    0.734173120      4.53520   -0.058300810   -0.997397852    0.042409208      0.10885
    6.214673    0.742013001   -0.017494764    0.670157175     47.24455   -0.667771162    0.068909982    0.741170081      4.55289   -0.059147115   -0.997469472    0.039449603      0.10795
    6.248040    0.748676370   -0.017356247    0.662708423     47.26218   -0.660434235    0.067231909    0.747867964      4.57112   -0.057535333   -0.997586403    0.038872282      0.10700
    6.281407    0.754285216   -0.014604460    0.656384432     47.27958   -0.654292716    0.066053189    0.753351192      4.59038   -0.054358572   -0.997709219    0.040267352      0.10550
    6.314773    0.759135587   -0.006251476    0.650902512     47.29657   -0.649179947    0.066057686    0.757761030      4.61133   -0.047734239   -0.997796222    0.046088407      0.10327
    6.348140    0.764920049   -0.002886921    0.644118766     47.31564   -0.642589562    0.065590487    0.763398024      4.63151   -0.044451934   -0.997842449    0.048316373      0.10394
    6.381507    0.770400539    0.005931816    0.637532605     47.33229   -0.636467907    0.065664006    0.768502988      4.65006   -0.037304327   -0.997824159    0.054362996      0.10741
    6.414873    0.775293399    0.012118431    0.631484987     47.34915   -0.630800620    0.065182668    0.773202301      4.67043   -0.031791878   -0.997799761    0.058180006      0.11239
    6.448240    0.777648768    0.015710913    0.628502634     47.36674   -0.628083320    0.063644195    0.775539012      4.69330   -0.027816118   -0.997848978    0.059360592      0.11863
    6.481607    0.778953359    0.020230417    0.626755450     47.38345   -0.626621654    0.063396215    0.776740769      4.71215   -0.024020133   -0.997783368    0.062059512      0.12319
    6.514973    0.779476556    0.021777528    0.626052743     47.39922   -0.626030821    0.062815427    0.777264198      4.72795   -0.022398877   -0.997787533    0.062596557      0.12661
    6.548340    0.779149444    0.020393208    0.626506393     47.41668   -0.626442938    0.060820958    0.777090765      4.74838   -0.022257345   -0.997940343    0.060163797      0.13004
    6.581707    0.779627082    0.017537909    0.625998431     47.43296   -0.625819025    0.058640579    0.777760779      4.76665   -0.023068613   -0.998125094    0.056693341      0.13272
    6.615073    0.780238113    0.014492377    0.625314687     47.44904   -0.625014095    0.056751756    0.778547763      4.78546   -0.024204699   -0.998283131    0.053337823      0.13512
    6.648440    0.780758811    0.012767523    0.624702064     47.46492   -0.624344199    0.055460591    0.779178057      4.80499   -0.024698172   -0.998379243    0.051272674      0.13703
    6.681807    0.780355929    0.011897315    0.625222423     47.48008   -0.624830730    0.055003161    0.778820397      4.82446   -0.025123338   -0.998415297    0.050355850      0.13899
    6.715173    0.779168785    0.013206775    0.626675024     47.49481   -0.626318487    0.056156486    0.777542026      4.84381   -0.024923044   -0.998334628    0.052027028      0.14067
    6.748540    0.777047326    0.015808651    0.629243626     47.50976   -0.628967176    0.058330897    0.775240478      4.86246   -0.024448839   -0.998172126    0.055268990      0.14313
    6.781907    0.775528234    0.017771463    0.631062702     47.52854   -0.630824059    0.061143288    0.773513093      4.87624   -0.024838789   -0.997970778    0.058629012      0.14795
    6.815273    0.771974326    0.022646724    0.635250160     47.54546   -0.635198968    0.065278808    0.769584920      4.89254   -0.024039796   -0.997610046    0.064778740      0.15148
    6.848640    0.767711523    0.027091483    0.640222672     47.56121   -0.640351404    0.069629791    0.764919455      4.90921   -0.023855769   -0.997204966    0.070803662      0.15378
    6.882007    0.763061684    0.028655363    0.645690124     47.57732   -0.645855177    0.071917987    0.760065059      4.92680   -0.024656794   -0.996998833    0.073385074      0.15542
    6.915373    0.759442123    0.030040542    0.649880933     47.59262   -0.650067764    0.074473915    0.756217917      4.94504   -0.025681981   -0.996770386    0.076087016      0.15689
    6.948740    0.755282525    0.031789822    0.654627921     47.60742   -0.654889686    0.075989039    0.751894384      4.96384   -0.025841958   -0.996601763    0.078212019      0.15808
    6.982107    0.752146572    0.034417761    0.658096461     47.62237   -0.658437113    0.080363828    0.748332963      4.98223   -0.027131206   -0.996171207    0.083107309      0.15909
    7.015473    0.748896505    0.037013828    0.661652477     47.63720   -0.662110478    0.083430212    0.744747686      4.99993   -0.027635844   -0.995825977    0.086987838      0.16027
    7.048840    0.746578182    0.038045597    0.664208966     47.65217   -0.664677928    0.085737064    0.742194320      5.01737   -0.028710100   -0.995591125    0.089297490      0.16168
    7.082207    0.742121913    0.044824076    0.668764435     47.66707   -0.669793431    0.087012491    0.737431750      5.03449   -0.025136162   -0.995198286    0.094596748      0.16344
