    0.020513    0.744204229    0.087797370    0.662156845     44.37984   -0.666145551    0.170416379    0.726091153      1.43183   -0.049093479   -0.981452943    0.185310417     -0.01916
    0.053880    0.746223117    0.087851801    0.659873564     44.38588   -0.663872035    0.171536007    0.727907494      1.43719   -0.049244092   -0.981253005    0.186326487     -0.01509
    0.087246    0.748783690    0.086415672    0.657156996     44.39122   -0.661052793    0.169602856    0.730920020      1.44207   -0.048292759   -0.981716457    0.184121174     -0.01160
    0.120613    0.751220993    0.083299256    0.654773436     44.39574   -0.658411490    0.164440576    0.734475055      1.44741   -0.046490095   -0.982863435    0.178376400     -0.00807
    0.153980    0.753590003    0.078909703    0.652591270     44.39968   -0.655849047    0.157190474    0.738344894      1.45275   -0.044318555   -0.984410694    0.170210024     -0.00513
    0.187346    0.755520693    0.073479213    0.650991005     44.40295   -0.653790906    0.147945482    0.742071146      1.45819   -0.041784374   -0.986262105    0.159815915     -0.00248
    0.220713    0.757186719    0.068118099    0.649636974     44.40594   -0.652034534    0.138167978    0.745493512      1.46372   -0.038977427   -0.988063527    0.149034311     -0.00023
    0.254080    0.758881277    0.062941439    0.648180208     44.40858   -0.650215341    0.128743842    0.748762334      1.46948   -0.036321032   -0.989678432    0.138626780      0.00179
    0.287446    0.760806126    0.058980077    0.646293579     44.41078   -0.648085742    0.121286662    0.751847336      1.47491   -0.034042777   -0.990863712    0.130499783      0.00377
    0.320813    0.762558363    0.057042216    0.644399666     44.41276   -0.646133992    0.116227285    0.754322267      1.47962   -0.031868610   -0.991583281    0.125487003      0.00574
    0.354180    0.763916528    0.057544677    0.642744232     44.41460   -0.644616386    0.114382897    0.755900964      1.48371   -0.030020870   -0.991768704    0.124473227      0.00753
    0.387546    0.764772121    0.060406097    0.641462943     44.41624   -0.643676919    0.115436154    0.756541154      1.48777   -0.028348316   -0.991476474    0.127164363      0.00918
    0.420913    0.765642755    0.064246707    0.640049633     44.41785   -0.642677913    0.118936719    0.756848173      1.49190   -0.027500401   -0.990821082    0.132352977      0.01081
    0.454280    0.766503417    0.068182390    0.638610737     44.41948   -0.641691258    0.122409284    0.757131624      1.49598   -0.026548839   -0.990134904    0.137579178      0.01230
    0.487646    0.767163521    0.071193170    0.637488560     44.42129   -0.640940540    0.124740587    0.757386962      1.50005   -0.025599919   -0.989631911    0.141327016      0.01355
    0.521013    0.767701181    0.072358537    0.636709619     44.42327   -0.640312480    0.125687205    0.757761608      1.50493   -0.025195731   -0.989427596    0.142822290      0.01474
    0.554380    0.768424442    0.071436940    0.635940752     44.42543   -0.639432181    0.125313375    0.758566440      1.51038   -0.025502217   -0.989541976    0.141972939      0.01574
    0.587746    0.769180990    0.068428903    0.635356663     44.42790   -0.638475807    0.123729641    0.759631239      1.51605   -0.026631720   -0.989953767    0.138860686      0.01656
    0.621113    0.770006167    0.063651332    0.634853535     44.43089   -0.637415844    0.120617398    0.761020687      1.52188   -0.028134401   -0.990656324    0.133448507      0.01734
    0.654480    0.770969782    0.058448141    0.634184051     44.43414   -0.636212087    0.115991451    0.762745150      1.52788   -0.028978892   -0.991529020    0.126611317      0.01809
    0.687846    0.771883619    0.053784818    0.633484705     44.43796   -0.635098593    0.110803198    0.764442561      1.53393   -0.029076728   -0.992385935    0.119685836      0.01864
    0.721213    0.772550188    0.050001690    0.632981862     44.44220   -0.634326612    0.105071834    0.765891415      1.54019   -0.028212700   -0.993206797    0.112890667      0.01931
    0.754580    0.772645894    0.047278184    0.633074321     44.44699   -0.634293524    0.098755751    0.766758780      1.54671   -0.026268767   -0.993987965    0.106291472      0.01972
    0.787946    0.772554642    0.045028637    0.633349625     44.45237   -0.634495165    0.092425559    0.767380872      1.55401   -0.023983579   -0.994700929    0.099974247      0.01990
    0.821313    0.772702540    0.042262067    0.633359853     44.45851   -0.634383201    0.086164656    0.768201540      1.56210   -0.022107448   -0.995384132    0.093389994      0.01988
    0.854680    0.773202158    0.040185494    0.632885100     44.46532   -0.633862244    0.079532707    0.769345958      1.57101   -0.019418518   -0.996021925    0.086966928      0.01967
    0.888046    0.774245829    0.038743051    0.631698007     44.47315   -0.632678210    0.072893193    0.770976566      1.58064   -0.016176500   -0.996586955    0.080949135      0.01933
    0.921413    0.775331265    0.037720735    0.630427296     44.48170   -0.631424795    0.066549366    0.772576152      1.59118   -0.012812397   -0.997069871    0.075415611      0.01882
    0.954780    0.776393196    0.038223679    0.629088671     44.49128   -0.630190307    0.060686700    0.774065437      1.60249   -0.008589687   -0.997424721    0.071204933      0.01840
    0.988146    0.776669159    0.038346924    0.628740432     44.50178   -0.629887589    0.055458704    0.774703787      1.61484   -0.005161623   -0.997724333    0.067227316      0.01797
    1.021513    0.776740792    0.039244172    0.628596561     44.51336   -0.629818120    0.051086461    0.775060842      1.62843   -0.001696153   -0.997922877    0.064397629      0.01735
    1.054880    0.776687330    0.039987338    0.628615784     44.52581   -0.629885252    0.047458769    0.775236890      1.64355    0.001166328   -0.998072481    0.062048059      0.01667
    1.088246    0.777102465    0.040253265    0.628085531     44.53931   -0.629366633    0.044839555    0.775813802      1.65986    0.003065963   -0.998182894    0.060178990      0.01597
    1.121613    0.777677595    0.039188839    0.627440669     44.55394   -0.628654996    0.043344230    0.776475482      1.67699    0.003233240   -0.998291296    0.058344096      0.01550
    1.154980    0.778041199    0.039146836    0.626992358     44.56955   -0.628205116    0.043402639    0.776836240      1.69450    0.003197558   -0.998290407    0.058361284      0.01512
    1.188346    0.777881666    0.040004644    0.627136143     44.58604   -0.628404104    0.044918033    0.776589114      1.71324    0.002897449   -0.998189360    0.060079997      0.01501
    1.221713    0.777939743    0.042261000    0.626916074     44.60323   -0.628331622    0.047524708    0.776492611      1.73248    0.003021351   -0.997975656    0.063525282      0.01510
    1.255080    0.778922755    0.044383535    0.625547315     44.62113   -0.627110622    0.049706800    0.777342590      1.75258    0.003407257   -0.997777198    0.066551144      0.01527
    1.288446    0.780812307    0.045538956    0.623103799     44.63968   -0.624753428    0.050669055    0.779176360      1.77298    0.003910797   -0.997676726    0.068013640      0.01598
    1.321813    0.782799360    0.045151842    0.620633928     44.65889   -0.622260847    0.050268216    0.781194306      1.79382    0.004074202   -0.997714597    0.067446151      0.01711
    1.355180    0.785408724    0.043310339    0.617460404     44.67873   -0.618969518    0.049891246    0.783828807      1.81548    0.003142023   -0.997815152    0.065992799      0.01858
    1.388546    0.788579956    0.042100939    0.613489335     44.69934   -0.614927112    0.049917187    0.787002491      1.83787    0.002509882   -0.997865615    0.065252702      0.02027
    1.421913    0.792039197    0.041669365    0.609046447     44.72040   -0.610462892    0.049167985    0.790517278      1.86117    0.002994767   -0.997920925    0.064380572      0.02194
    1.455280    0.795933404    0.042384345    0.603898653     44.74206   -0.605361592    0.047104102    0.794555565      1.88537    0.005230614   -0.997990366    0.063149583      0.02374
    1.488646    0.799223436    0.042531221    0.599527309     44.76422   -0.600989665    0.044432759    0.798020772      1.91068    0.007302145   -0.998106620    0.061072526      0.02555
    1.522013    0.801230984    0.041233924    0.596932722     44.78679   -0.598303063    0.042044019    0.800166073      1.93762    0.007896536   -0.998264526    0.058357354      0.02713
    1.555380    0.802643834    0.038987900    0.595183013     44.80955   -0.596411415    0.039908312    0.801686192      1.96629    0.007503312   -0.998442422    0.055284989      0.02842
    1.588746    0.804182748    0.036161437    0.593281095     44.83268   -0.594349110    0.038402837    0.803289710      1.99639    0.006264434   -0.998607817    0.052375417      0.02940
    1.622113    0.805732874    0.033807016    0.591313472     44.85636   -0.592260526    0.038082142    0.804846084      2.02746    0.004690961   -0.998702576    0.050706595      0.03032
    1.655480    0.807013921    0.033395205    0.589587391     44.88104   -0.590525152    0.040685586    0.805993008      2.05853    0.002928593   -0.998613761    0.052554543      0.03127
    1.688846    0.806687651    0.035676494    0.589900179     44.90683   -0.590976326    0.046300213    0.805359095      2.08897    0.001419885   -0.998290277    0.058433774      0.03226
    1.722213    0.803516650    0.040457326    0.593905883     44.93359   -0.595282277    0.054509855    0.801665570      2.11898    0.000059522   -0.997693280    0.067883105      0.03327
    1.755580    0.797502071    0.047284306    0.601460423     44.96121   -0.603315280    0.064251149    0.794910349      2.14900   -0.001057739   -0.996812913    0.079767769      0.03448
    1.788946    0.789460625    0.054918040    0.611339457     44.98899   -0.613799100    0.073244070    0.786057231      2.17934   -0.001608267   -0.995800841    0.091531953      0.03573
    1.822313    0.781411754    0.063548453    0.620771508     45.01650   -0.624015457    0.078593924    0.777449487      2.21044    0.000616844   -0.994879183    0.101069433      0.03692
    1.855680    0.774139879    0.069157332    0.629225485     45.04382   -0.633004703    0.079023600    0.770104095      2.24224    0.003534682   -0.994470982    0.104952237      0.03833
    1.889046    0.768274024    0.070751671    0.636199045     45.07121   -0.640105685    0.078016659    0.764315454      2.27387    0.004442472   -0.994438335    0.105226720      0.03982
    1.922413    0.763456410    0.069613698    0.642096755     45.09969   -0.645835527    0.073745491    0.759906623      2.30474    0.005548170   -0.994844478    0.101260467      0.04199
    1.955780    0.759520853    0.070273173    0.646675927     45.12882   -0.650438779    0.070461339    0.756283409      2.33414    0.007580783   -0.995036120    0.099225253      0.04440
    1.989146    0.755846498    0.071045058    0.650882994     45.15810   -0.654643852    0.064198371    0.753206476      2.36379    0.011725970   -0.995405028    0.095033324      0.04675
    2.022513    0.752865577    0.072405890    0.654179494     45.18732   -0.657935254    0.056006624    0.750988987      2.39377    0.017737641   -0.995801509    0.089803847      0.04885
    2.055880    0.749667921    0.072879897    0.657789122     45.21668   -0.661427330    0.048527604    0.748437679      2.42406    0.022625131   -0.996159421    0.084584344      0.05085
    2.089246    0.745794813    0.073508858    0.662107653     45.24606   -0.665684655    0.044078675    0.744930205      2.45465    0.025574140   -0.996319988    0.081807365      0.05250
    2.122613    0.741633312    0.075247948    0.666571659     45.27542   -0.670267564    0.043338681    0.740852989      2.48544    0.026859330   -0.996222618    0.082577668      0.05380
    2.155980    0.737654161    0.078373062    0.670614645     45.30482   -0.674615519    0.044992435    0.736796839      2.51655    0.027572438   -0.995908301    0.086060541      0.05503
    2.189346    0.734530605    0.081643300    0.673646169     45.33436   -0.678024590    0.048307032    0.733450125      2.54755    0.027339441   -0.995490232    0.090839159      0.05593
    2.222713    0.732601210    0.083130460    0.675562575     45.36382   -0.680185424    0.052429526    0.731162727      2.57890    0.025362468   -0.995158516    0.094954061      0.05692
    2.256080    0.733183520    0.082495319    0.675008480     45.39349   -0.679693956    0.057659408    0.731226038      2.61015    0.021402136   -0.994922065    0.098346497      0.05793
    2.289446    0.734979824    0.080940952    0.673240834     45.42313   -0.677879843    0.063048150    0.732464231      2.64128    0.016839763   -0.994722822    0.101207358      0.05882
    2.322813    0.736372294    0.079048914    0.671942790     45.45282   -0.676487146    0.069877874    0.733131792      2.67256    0.010999339   -0.994418600    0.104931705      0.05976
    2.356180    0.737824148    0.075167761    0.670794554     45.48244   -0.674982739    0.076688702    0.733837274      2.70387    0.003718542   -0.994217607    0.107319718      0.06081
    2.389546    0.740364165    0.069034086    0.668651776     45.51211   -0.672189483    0.083004503    0.735711596      2.73501   -0.004711931   -0.994155193    0.107857546      0.06188
    2.422913    0.743945022    0.063832377    0.665185111     45.54182   -0.668129711    0.089204297    0.738678065      2.76615   -0.012185793   -0.993965805    0.109011400      0.06299
    2.456280    0.747063544    0.059562639    0.662078812     45.57156   -0.664490332    0.094887677    0.741248222      2.79711   -0.018672421   -0.993704494    0.110465922      0.06411
    2.489646    0.747410427    0.058229392    0.661805857     45.60114   -0.663928026    0.101489690    0.740877466      2.82833   -0.024025627   -0.993130999    0.114514578      0.06510
    2.523013    0.748146234    0.056766644    0.661101172     45.63099   -0.662960392    0.105365047    0.741202891      2.85978   -0.027581356   -0.992812044    0.116462500      0.06634
    2.556380    0.746632296    0.054209473    0.663024545     45.66097   -0.664525985    0.106844448    0.739587371      2.89164   -0.030747849   -0.992796856    0.115797119      0.06769
    2.589746    0.745200724    0.054969787    0.664570691     45.69324   -0.666182782    0.105611704    0.738272761      2.92755   -0.029603747   -0.992886947    0.115321844      0.06922
    2.623113    0.744279410    0.053561428    0.665717157     45.72561   -0.667238705    0.102906535    0.737700994      2.96365   -0.028994327   -0.993247914    0.112329473      0.07113
    2.656480    0.744792329    0.056909565    0.664865166     45.75880   -0.666768093    0.103105117    0.738098669      3.00085   -0.026546126   -0.993041105    0.114737382      0.07270
    2.689846    0.746329856    0.060168763    0.662851014     45.79333   -0.665116625    0.104427482    0.739401634      3.03992   -0.024730981   -0.992710744    0.117956592      0.07394
    2.723213    0.746835073    0.064691582    0.661855251     45.82796   -0.664650041    0.105322517    0.739694187      3.08004   -0.021856274   -0.992331682    0.121655812      0.07677
    2.756580    0.744380567    0.071590027    0.663906951     45.86249   -0.667470039    0.108845589    0.736638571      3.12040   -0.019527368   -0.991477436    0.128806739      0.08053
    2.789946    0.738193177    0.075090491    0.670397085     45.89696   -0.674271450    0.112638950    0.729842777      3.15746   -0.020708571   -0.990794573    0.133780678      0.08419
    2.823313    0.730608356    0.079560746    0.678145646     45.93197   -0.682467565    0.115928479    0.721663779      3.19259   -0.021200285   -0.990065995    0.138995944      0.08674
    2.856680    0.724728090    0.083049395    0.684011691     45.96689   -0.688691340    0.118655959    0.715279667      3.22590   -0.021758520   -0.989456195    0.143188705      0.08933
    2.890046    0.720706489    0.080403822    0.688561821     46.00279   -0.692810463    0.118510550    0.711314918      3.25871   -0.024409402   -0.989692111    0.141115931      0.09186
    2.923413    0.716203874    0.081898267    0.693069034     46.03914   -0.697478057    0.118160265    0.706797363      3.29250   -0.024007741   -0.989611452    0.141749083      0.09431
    2.956780    0.712763284    0.077453878    0.697115053     46.07587   -0.700924677    0.115416920    0.703834875      3.32556   -0.025944132   -0.990292801    0.136554277      0.09715
    2.990146    0.710744556    0.074970293    0.699443802     46.11328   -0.702987437    0.111757663    0.702366634      3.36038   -0.025511573   -0.990903466    0.132134325      0.10014
    3.023513    0.709546444    0.073684273    0.700795599     46.15138   -0.704249456    0.108040711    0.701683625      3.39663   -0.024011407   -0.991412040    0.128552011      0.10309
    3.056880    0.708336571    0.077415696    0.701616784     46.19000   -0.705605130    0.105130963    0.700763070      3.43492   -0.019511587   -0.991440513    0.129093018      0.10577
    3.090246    0.706259846    0.081824586    0.703208196     46.22891   -0.707775646    0.103822276    0.698766463      3.47371   -0.015832398   -0.991224330    0.131238954      0.10847
    3.123613    0.703211209    0.087544535    0.705570656     46.26902   -0.710866135    0.104412538    0.695533867      3.51276   -0.012780235   -0.990673496    0.135656512      0.10902
    3.156980    0.700312454    0.092967093    0.707756728     46.30979   -0.713751470    0.106492632    0.692255847      3.55184   -0.011013863   -0.989957797    0.140933516      0.10827
    3.190346    0.699406435    0.095919029    0.708258553     46.35100   -0.714633444    0.109640197    0.690853145      3.59076   -0.011387644   -0.989332385    0.145230005      0.10686
    3.223713    0.700554077    0.095737712    0.707147987     46.39191   -0.713473112    0.112607351    0.691574799      3.62988   -0.013420273   -0.989016620    0.147193822      0.10613
    3.257080    0.701840702    0.093432052    0.706179921     46.43187   -0.712159167    0.113991679    0.692701391      3.66996   -0.015778122   -0.989078535    0.146542492      0.10687
    3.290446    0.702319734    0.088357981    0.706356750     46.47123   -0.711612855    0.113374288    0.693363840      3.70989   -0.018818465   -0.989615652    0.142501676      0.10897
    3.323813    0.703214881    0.081352084    0.706307773     46.51078   -0.710644286    0.110831965    0.694766849      3.74961   -0.021760747   -0.990503970    0.135751081      0.11173
    3.357180    0.706109028    0.077021330    0.703901808     46.55055   -0.707779874    0.106802825    0.698312829      3.78932   -0.021393719   -0.991292526    0.129928586      0.11510
    3.390546    0.710218270    0.075814789    0.699887225     46.59019   -0.703747868    0.102074546    0.703078747      3.82984   -0.018136904   -0.991883514    0.125849704      0.11952
    3.423913    0.715187820    0.076871867    0.694692089     46.62977   -0.698796168    0.098261701    0.708539733      3.87141   -0.013794855   -0.992187157    0.123993338      0.12435
    3.457280    0.719976657    0.077255597    0.689684845     46.66903   -0.693916864    0.095360109    0.713712713      3.91378   -0.010630121   -0.992440438    0.122266014      0.12973
    3.490646    0.723850721    0.077544953    0.685585089     46.70814   -0.689899285    0.094157157    0.717755812      3.95756   -0.008894402   -0.992532725    0.121653933      0.13511
    3.524013    0.726947982    0.077955201    0.682253339     46.74724   -0.686633902    0.095500718    0.720703474      4.00193   -0.008973100   -0.992372208    0.122950738      0.13937
    3.557380    0.729746600    0.079967848    0.679025068     46.78559   -0.683641307    0.100188016    0.722908656      4.04681   -0.010220725   -0.991749719    0.127781188      0.14273
    3.590746    0.731807222    0.083221935    0.676411339     46.82248   -0.681407738    0.106685175    0.724086851      4.09123   -0.011903153   -0.990803907    0.134781052      0.14574
    3.624113    0.732149152    0.087270468    0.675530521     46.85749   -0.681008406    0.113599712    0.723410434      4.13453   -0.013607706   -0.989686299    0.142603855      0.14848
    3.657480    0.729583493    0.090974170    0.677813859     46.89037   -0.683717707    0.119386263    0.719914590      4.17571   -0.015428031   -0.988671139    0.149302898      0.15136
    3.690846    0.723372204    0.091184647    0.684410706     46.92207   -0.690206306    0.122274359    0.713207008      4.21373   -0.018652351   -0.988298711    0.151386091      0.15438
    3.724213    0.715596054    0.094319269    0.692117160     46.95537   -0.698265117    0.123057383    0.705182747      4.25176   -0.018657806   -0.987907261    0.153919233      0.15668
    3.757580    0.707152986    0.097295107    0.700334431     46.99088   -0.706879862    0.119675295    0.697136058      4.28972   -0.015984802   -0.988034152    0.153404694      0.15807
    3.790946    0.701592300    0.096071910    0.706072541     47.02896   -0.712427165    0.114996874    0.692259528      4.32847   -0.014689440   -0.988709213    0.149125160      0.15902
    3.824313    0.698760031    0.091226389    0.709515444     47.06816   -0.715206103    0.109404626    0.690297659      4.36783   -0.014650909   -0.989802189    0.141693250      0.16025
    3.857680    0.697395588    0.084605911    0.711674949     47.10836   -0.716541510    0.102278305    0.690005372      4.40815   -0.014410374   -0.991151345    0.131952086      0.16226
    3.891046    0.698175986    0.077883227    0.711677241     47.14983   -0.715794812    0.094980539    0.691821136      4.44935   -0.013714225   -0.992427781    0.122061541      0.16455
    3.924413    0.700940670    0.073620604    0.709409744     47.19171   -0.713104758    0.090189210    0.695231983      4.49211   -0.012797706   -0.993199835    0.115716488      0.16749
    3.957780    0.703864165    0.073275749    0.706545046     47.23316   -0.710226088    0.089982136    0.698199197      4.53533   -0.012415364   -0.993244119    0.115377549      0.17061
    3.991146    0.704857110    0.077290058    0.705126019     47.27228   -0.709234683    0.094658532    0.698588525      4.57984   -0.012752246   -0.992504917    0.121537529      0.17408
    4.024513    0.704840820    0.086493555    0.704072641     47.31144   -0.709256824    0.103302135    0.697340251      4.62306   -0.012416770   -0.990882200    0.134157706      0.17710
    4.057880    0.704990613    0.096992178    0.702553025     47.35072   -0.709109435    0.113622563    0.695883412      4.66457   -0.012330627   -0.988778251    0.148880909      0.18010
    4.091246    0.706965763    0.104493190    0.699485943     47.39085   -0.707151437    0.120760755    0.696673298      4.70461   -0.011672835   -0.987166659    0.159266228      0.18331
    4.124613    0.712172928    0.106625943    0.693859229     47.43070   -0.701923553    0.123128022    0.701528913      4.74536   -0.010632332   -0.986646035    0.162531705      0.18623
    4.157980    0.718908927    0.110694339    0.686233720     47.47018   -0.695022170    0.129645284    0.707203142      4.78794   -0.010683581   -0.985362301    0.170138171      0.18817
    4.191346    0.726215333    0.105818556    0.679274409     47.50943   -0.687325976    0.131793932    0.714292211      4.83014   -0.013938875   -0.985612902    0.168442617      0.19312
    4.224713    0.729193159    0.108724747    0.675615472     47.54760   -0.684176712    0.135167311    0.716681257      4.87229   -0.013400139   -0.984839442    0.172950019      0.20021
    4.258080    0.737552213    0.085773161    0.669820647     47.58625   -0.674829985    0.130227864    0.726391902      4.91464   -0.024924383   -0.987767011    0.153932150      0.20851
    4.291446    0.738953226    0.074527527    0.669622115     47.62396   -0.673033232    0.127697435    0.728505067      4.95697   -0.031215346   -0.989009107    0.144521934      0.21698
    4.324813    0.738906441    0.063139974    0.670843212     47.66094   -0.672800858    0.123552125    0.729433943      4.99966   -0.036827665   -0.990327328    0.133774090      0.22543
    4.358180    0.739371073    0.052411876    0.671255102     47.69775   -0.671960080    0.120263625    0.730757355      5.04242   -0.042427208   -0.991357481    0.124138134      0.23405
    4.391546    0.740632173    0.044634125    0.670426565     47.73483   -0.670297714    0.118177114    0.732622102      5.08480   -0.046529131   -0.991988893    0.117443925      0.24323
    4.424913    0.742232292    0.043743558    0.668713486     47.77220   -0.668535046    0.117410770    0.734353868      5.12649   -0.046390914   -0.992119555    0.116390166      0.25282
    4.458280    0.744326822    0.050563088    0.665898608     47.80889   -0.666560009    0.117364883    0.736154358      5.16818   -0.040930875   -0.991800816    0.121061162      0.26223
    4.491646    0.744502497    0.070064631    0.663932962     47.84441   -0.667105868    0.117081881    0.735704828      5.20978   -0.026187632   -0.990647657    0.133908279      0.27152
    4.525013    0.745979920    0.082081482    0.660890755     47.87880   -0.665775903    0.115777311    0.737114686      5.25018   -0.016012689   -0.989877894    0.141015422      0.27982
    4.558380    0.743415440    0.093580449    0.662250846     47.90941   -0.668809448    0.111763221    0.734984969      5.28729   -0.005235064   -0.989318797    0.145673992      0.28814
    4.591746    0.747609163    0.099996612    0.656567755     47.94723   -0.664136046    0.109642438    0.739528125      5.33560    0.001962618   -0.988928316    0.148381046      0.29094
    4.625113    0.746158588    0.109098837    0.656768456     47.98024   -0.665658889    0.104372796    0.738921216      5.37922    0.012066685   -0.988536172    0.150501269      0.29482
    4.658480    0.743285427    0.113986607    0.659191799     48.01033   -0.668669771    0.096856138    0.737224272      5.42063    0.020186921   -0.988749686    0.148211154      0.29867
    4.691846    0.737629504    0.111192223    0.665987241     48.03647   -0.674807428    0.087528231    0.732784924      5.45753    0.023187300   -0.989936916    0.139596744      0.30467
    4.725213    0.737370297    0.106153885    0.667095493     48.07073   -0.674913003    0.075013958    0.734074482      5.50180    0.027883385   -0.991516141    0.126957702      0.30881
    4.758580    0.734133122    0.097013925    0.672039328     48.09925   -0.678366623    0.061864816    0.732114383      5.53880    0.029449701   -0.993358466    0.111228019      0.31537
    4.791946    0.737196044    0.092068587    0.669376851     48.13353   -0.674743205    0.048193021    0.736477454      5.58300    0.035547146   -0.994585747    0.097650358      0.31927
    4.825313    0.736255905    0.085143863    0.671325379     48.16015   -0.675674626    0.037818819    0.736229269      5.62018    0.037296671   -0.995650671    0.085373877      0.32482
    4.858680    0.737109207    0.084360354    0.670487396     48.18991   -0.674572277    0.032718083    0.737483403      5.66027    0.040277299   -0.995898016    0.081023956      0.32860
    4.892046    0.736995396    0.088268003    0.670109353     48.22191   -0.674529710    0.033004243    0.737509587      5.69988    0.042982046   -0.995549838    0.083863365      0.33061
    4.925413    0.735856536    0.096255760    0.670261134     48.25572   -0.675613747    0.038000235    0.736275796      5.73940    0.045400706   -0.994630992    0.092994436      0.33103
    4.958780    0.736119849    0.105938513    0.668509236     48.29102   -0.675234860    0.046723069    0.736121484      5.77865    0.046748812   -0.993274376    0.105927155      0.32875
    4.992146    0.738861877    0.115369551    0.663907368     48.32639   -0.672217583    0.057509850    0.738116615      5.81802    0.046974970   -0.991656434    0.120045277      0.32469
    5.025513    0.743441900    0.119664724    0.658007975     48.36149   -0.667260834    0.065991841    0.741894909      5.85656    0.045355492   -0.990618711    0.128908683      0.31962
    5.058880    0.747847557    0.116697656    0.653533235     48.39571   -0.662603193    0.070410396    0.745653663      5.89477    0.041000501   -0.990668478    0.129980482      0.31414
    5.092246    0.751865775    0.110188787    0.650043296     48.43028   -0.658327600    0.071496274    0.749328402      5.93238    0.036091913   -0.991335823    0.126295921      0.30974
    5.125613    0.756227963    0.102831876    0.646177122     48.46677   -0.653552039    0.071246093    0.753520887      5.96919    0.031448371   -0.992143941    0.121084271      0.30698
    5.158980    0.759882114    0.098364955    0.642575683     48.50394   -0.649436193    0.071546888    0.757042716      6.00516    0.028492182   -0.992575125    0.118248963      0.30513
    5.192346    0.761968661    0.095970893    0.640463384     48.54134   -0.647080243    0.072684433    0.758949361      6.04087    0.026285330   -0.992726831    0.117484129      0.30245
    5.225713    0.762792468    0.092640407    0.639972973     48.57906   -0.646223819    0.073564111    0.759594034      6.07685    0.023290058   -0.992978387    0.115980588      0.29899
    5.259080    0.763319318    0.086750220    0.640170303     48.61792   -0.645728178    0.072603046    0.760107833      6.11379    0.019461208   -0.993580997    0.111436369      0.29537
    5.292446    0.763674190    0.081347042    0.640456392     48.65933   -0.645386124    0.070549848    0.760591526      6.15159    0.016687769   -0.994185786    0.106377351      0.29215
    5.325813    0.764228883    0.080372856    0.639917509     48.70303   -0.644719028    0.068934343    0.761305084      6.18979    0.017075971   -0.994378329    0.104499525      0.28771
    5.359180    0.765125762    0.085122372    0.638229387     48.74772   -0.643565833    0.070098406    0.762174017      6.22776    0.020139197   -0.993901602    0.108415947      0.27979
    5.392546    0.765244077    0.094070800    0.636829795     48.79263   -0.643281955    0.074424728    0.762003468      6.26418    0.024286392   -0.992779756    0.117467131      0.26622
    5.425913    0.762451293    0.094188063    0.640153602     48.84031   -0.646763345    0.081718808    0.758300213      6.29989    0.019110239   -0.992194863    0.123223997      0.24504
    5.459280    0.759906160    0.074773303    0.645717880     48.89971   -0.650032690    0.087961201    0.754798204      6.34571   -0.000359365   -0.993313536    0.115447350      0.21442
    5.492646    0.757287838    0.074738154    0.648790675     48.94955   -0.653072645    0.091764604    0.751714958      6.38789   -0.003354231   -0.992972037    0.118301662      0.19118
    5.526013    0.754802986    0.074963649    0.651653975     48.99184   -0.655940176    0.092112729    0.749171363      6.42834   -0.003865007   -0.992922805    0.118698633      0.17476
    5.559380    0.752781108    0.073027833    0.654207566     49.02907   -0.658253403    0.090760567    0.747305143      6.46783   -0.004802174   -0.993191550    0.116393659      0.16468
    5.592746    0.750472878    0.067722225    0.657422360     49.06420   -0.660860454    0.087947838    0.745337935      6.50648   -0.007342932   -0.993820345    0.110757408      0.15955
    5.626113    0.747405783    0.060047223    0.661648643     49.10013   -0.664278309    0.083890561    0.742762884      6.54513   -0.010905227   -0.994664117    0.102588358      0.15879
    5.659480    0.744382359    0.051526993    0.665762625     49.13774   -0.667590654    0.079452119    0.740277029      6.58571   -0.014752002   -0.995506067    0.093541695      0.16335
    5.692846    0.742871369    0.044077067    0.667981542     49.17780   -0.669177601    0.076517892    0.739152454      6.62797   -0.018532868   -0.996093482    0.086338337      0.17207
    5.726213    0.742442594    0.038751371    0.668787953     49.22130   -0.669533428    0.076378194    0.738844612      6.67097   -0.022449574   -0.996325601    0.082651762      0.18489
    5.759580    0.741502319    0.033647751    0.670106067     49.26585   -0.670430553    0.076461081    0.738022070      6.71380   -0.026404252   -0.996504657    0.079254549      0.19714
    5.792946    0.739192711    0.036344001    0.672512639     49.31147   -0.672894701    0.081968300    0.735182915      6.75730   -0.028405229   -0.995972043    0.085046056      0.20885
    5.826313    0.736276900    0.042887086    0.675319942     49.35646   -0.676078743    0.088697051    0.731471371      6.80284   -0.028528212   -0.995134931    0.094300637      0.21970
    5.859680    0.733196999    0.054611976    0.677819808     49.39790   -0.679567056    0.095069723    0.727427223      6.85322   -0.024713903   -0.993971468    0.106817335      0.22944
    5.893046    0.733015387    0.058919413    0.677655477     49.43941   -0.679795343    0.098320914    0.726781459      6.90375   -0.023806169   -0.993409030    0.112123886      0.23984
    5.926413    0.734123756    0.059449384    0.676408221     49.48105   -0.678650970    0.096885501    0.728042623      6.95401   -0.022252464   -0.993518480    0.111471329      0.25025
    5.959780    0.736645412    0.058768782    0.673720838     49.51949   -0.675969034    0.094153027    0.730890603      7.00072   -0.020479306   -0.993821633    0.109083272      0.26060
    5.993146    0.740132278    0.054841526    0.670221320     49.55558   -0.672205053    0.087849647    0.735134550      7.04481   -0.018562806   -0.994622967    0.101885110      0.27097
    6.026513    0.743427337    0.053365859    0.666684243     49.59164   -0.668661250    0.080796602    0.739164422      7.08883   -0.014419677   -0.995300957    0.095750084      0.28114
    6.059880    0.743870409    0.059922404    0.665632121     49.62500   -0.668321539    0.069334720    0.740634200      7.13003   -0.001770835   -0.995792148    0.091623480      0.29100
    6.093246    0.744471425    0.058226341    0.665110510     49.66201   -0.667653940    0.063855924    0.741728142      7.17521    0.000716869   -0.996259060    0.086413957      0.29767
    6.126613    0.742544599    0.078045565    0.665234101     49.69637   -0.669605691    0.062784598    0.740058317      7.21712    0.015991814   -0.994970846    0.098880118      0.30329
    6.159980    0.743297912    0.071248312    0.665155539     49.73156   -0.668885416    0.064255161    0.740583266      7.25992    0.010025631   -0.995386836    0.095417683      0.30820
    6.193346    0.743282221    0.078050298    0.664409280     49.76573   -0.668887155    0.070342302    0.740028334      7.30127    0.011023354   -0.994464736    0.104491024      0.31236
    6.226713    0.743265335    0.087494412    0.663250608     49.79971   -0.668865520    0.077553171    0.739327006      7.34257    0.013249794   -0.993141598    0.116164579      0.31641
    6.260080    0.743546836    0.100220870    0.661130758     49.83329   -0.668438084    0.084596208    0.738941141      7.38227    0.018128169   -0.991362325    0.129892689      0.32038
    6.293446    0.742620753    0.113195290    0.660076695     49.86625   -0.669275224    0.089838109    0.737563413      7.42113    0.024188662   -0.989502875    0.142474447      0.32495
    6.326813    0.739796670    0.129088469    0.660331019     49.89808   -0.671919025    0.090676772    0.735052751      7.45804    0.035010149   -0.987478552    0.153819373      0.33025
    6.360180    0.737909763    0.132563426    0.661752310     49.93566   -0.673964464    0.093146324    0.732868107      7.49884    0.035511712   -0.986788073    0.158076620      0.33337
    6.393546    0.734841235    0.136627363    0.664335249     49.97195   -0.677114845    0.091408433    0.730178050      7.53757    0.039036457   -0.986396199    0.159683101      0.33692
    6.426913    0.732553910    0.134090456    0.667371350     50.00759   -0.679628506    0.088855829    0.728155022      7.57477    0.038338804   -0.986977402    0.156223381      0.34095
    6.460280    0.729936625    0.129254206    0.671182444     50.04239   -0.682509583    0.084593075    0.725964655      7.61145    0.037056598   -0.987996641    0.149964818      0.34596
    6.493646    0.724924785    0.126738840    0.677068182     50.07614   -0.687705378    0.077067601    0.721887732      7.64739    0.039311193   -0.988937739    0.143027196      0.35155
    6.527013    0.722493291    0.116432664    0.681503396     50.11395   -0.690501686    0.071906694    0.719747767      7.68548    0.034797494   -0.990592177    0.132349055      0.35488
    6.560380    0.721842195    0.107050701    0.683728011     50.15085   -0.691329409    0.066227720    0.719498115      7.72144    0.031741030   -0.992045380    0.121813260      0.35786
    6.593746    0.721929648    0.094631051    0.685465205     50.19024   -0.691485174    0.061719844    0.719749203      7.76041    0.025803818   -0.993597315    0.109993354      0.35990
    6.627113    0.720060171    0.092304292    0.687745060     50.22875   -0.693367146    0.056452536    0.718369760      7.79902    0.027483659   -0.994129282    0.104649986      0.36260
    6.660480    0.717395986    0.092275543    0.690527497     50.26647   -0.696051295    0.053320995    0.716009404      7.83682    0.029250543   -0.994304830    0.102480779      0.36478
    6.693846    0.715378951    0.093486550    0.692454490     50.30701   -0.698124791    0.054164596    0.713924347      7.87557    0.029235807   -0.994146097    0.104013490      0.36461
    6.727213    0.715244427    0.094071483    0.692514235     50.34978   -0.698355412    0.058023322    0.713395411      7.91514    0.026928188   -0.993873156    0.107196187      0.36328
    6.760580    0.716299582    0.096019648    0.691154929     50.39092   -0.697312044    0.061734068    0.714104207      7.95312    0.025900229   -0.993463201    0.111175744      0.36344
    6.793946    0.716895247    0.094523345    0.690743471     50.43185   -0.696798398    0.064328042    0.714376579      7.99179    0.023091089   -0.993442117    0.111980183      0.36417
    6.827313    0.717474040    0.088528525    0.690936829     50.47338   -0.696347695    0.065250322    0.714732315      8.03117    0.018190347   -0.993934151    0.108462047      0.36551
    6.860680    0.719661442    0.080626392    0.689628011     50.51505   -0.694202334    0.064873282    0.716850456      8.06990    0.013058634   -0.994631008    0.102657829      0.36817
    6.894046    0.723752539    0.070670528    0.686431306     50.55587   -0.690007428    0.061882734    0.721152048      8.10890    0.008485950   -0.995578326    0.093550975      0.37217
    6.927413    0.726748172    0.062415170    0.684062455     50.59453   -0.686857998    0.054506941    0.724744840      8.14823    0.007948920   -0.996560756    0.082483178      0.37698
    6.960780    0.727916168    0.057293002    0.683268296     50.63203   -0.685581135    0.045125199    0.726596328      8.18882    0.010796267   -0.997337069    0.072126363      0.38231
    6.994146    0.728238920    0.055126170    0.683102613     50.66985   -0.685165695    0.037186725    0.727437364      8.23021    0.014698487   -0.997786677    0.064851381      0.38752
    7.027513    0.729103658    0.055896494    0.682116880     50.70795   -0.684147338    0.032270397    0.728629564      8.27188    0.018715656   -0.997914928    0.061769902      0.39204
    7.060880    0.731078955    0.060050375    0.679645139     50.74631   -0.681924400    0.031576560    0.730740743      8.31344    0.022420401   -0.997695782    0.064034775      0.39583
    7.094246    0.733727250    0.068403726    0.675992051     50.78408   -0.678912049    0.034444186    0.733411227      8.35513    0.026884065   -0.997062951    0.071712751      0.39909
