    0.026060    0.660452442   -0.018914669    0.750629607     43.74915   -0.750239233    0.024275360    0.660720667      1.29003   -0.030719116   -0.999526359    0.001842194      0.02291
    0.059427    0.659959407   -0.018486660    0.751073781     43.75593   -0.750650761    0.025366557    0.660212067      1.30111   -0.031257272   -0.999507269    0.002863873      0.02091
    0.092793    0.660199332   -0.018379545    0.750865524     43.76323   -0.750382260    0.027261563    0.660441725      1.31218   -0.032608386   -0.999459354    0.004206381      0.01906
    0.126160    0.660239449   -0.018216367    0.750834226     43.77129   -0.750289305    0.029138029    0.660467209      1.32394   -0.033909143   -0.999409395    0.005570530      0.01752
    0.159527    0.659638520   -0.018655015    0.751351458     43.78041   -0.750714097    0.031702936    0.659866099      1.33681   -0.036129860   -0.999323228    0.006907895      0.01614
    0.192893    0.659660082   -0.018858076    0.751327458     43.79059   -0.750588957    0.034377363    0.659874544      1.35087   -0.038272621   -0.999230989    0.008522711      0.01455
    0.226260    0.661734164   -0.017880738    0.749525300     43.80177   -0.748684546    0.037231682    0.661880089      1.36614   -0.039740992   -0.999146676    0.011250444      0.01296
    0.259627    0.665871108   -0.015821053    0.745899029     43.81356   -0.744958089    0.040385427    0.665887726      1.38211   -0.040658496   -0.999058913    0.015105467      0.01166
    0.292993    0.671571827   -0.012790536    0.740829051     43.82571   -0.739802543    0.043792388    0.671397366      1.39817   -0.041030205   -0.998958772    0.019947263      0.01068
    0.326360    0.677749537   -0.009267145    0.735234442     43.83810   -0.734139980    0.047443237    0.677338637      1.41489   -0.041158897   -0.998830946    0.025351250      0.01027
    0.359727    0.683489524   -0.006416513    0.729932120     43.85137   -0.728709071    0.052526344    0.682806029      1.43273   -0.042721899   -0.998598924    0.031225434      0.00965
    0.393093    0.690419354   -0.004939082    0.723392509     43.86522   -0.721945586    0.058877295    0.689440378      1.45145   -0.045996597   -0.998253009    0.037084275      0.00928
    0.426460    0.698819980   -0.005306192    0.715277904     43.87936   -0.713535915    0.064966977    0.697600022      1.47043   -0.050171043   -0.997873307    0.041614063      0.00944
    0.459827    0.707999755   -0.007029948    0.706177688     43.89341   -0.704151168    0.069321481    0.706658096      1.48911   -0.053921053   -0.997569603    0.044129445      0.01042
    0.493193    0.717019101   -0.008608703    0.697000358     43.90740   -0.694768021    0.072080172    0.715612916      1.50720   -0.056400405   -0.997361689    0.045701809      0.01219
    0.526560    0.725477515   -0.008856388    0.688188883     43.92161   -0.685837560    0.074273450    0.723954623      1.52529   -0.057525785   -0.997198586    0.047809674      0.01450
    0.559927    0.732921492   -0.007689517    0.680269769     43.93610   -0.677935472    0.075273664    0.731257390      1.54370   -0.056829414   -0.997133264    0.049956689      0.01725
    0.593293    0.738275626   -0.005638656    0.674475578     43.95092   -0.672310733    0.074334407    0.736527443      1.56266   -0.054289767   -0.997217429    0.051088352      0.02030
    0.626660    0.741873881   -0.002909472    0.670533131     43.96600   -0.668674526    0.071319128    0.740126989      1.58276   -0.049975217   -0.997449305    0.050964309      0.02345
    0.660027    0.744497848   -0.001305018    0.667623585     43.98181   -0.666040604    0.067397991    0.742864338      1.60435   -0.045965940   -0.997725317    0.049308464      0.02620
    0.693393    0.746989779   -0.000721676    0.664835129     43.99821   -0.663448324    0.063756249    0.745500813      1.62710   -0.042925404   -0.997965240    0.047146472      0.02840
    0.726760    0.749926957   -0.001196949    0.661519559     44.01556   -0.660244289    0.060735221    0.748591151      1.65121   -0.041073562   -0.998153195    0.044756701      0.03047
    0.760127    0.753059299   -0.002389808    0.657948312     44.03356   -0.656706628    0.058783693    0.751851635      1.67575   -0.040473412   -0.998267883    0.042698204      0.03225
    0.793493    0.755437925   -0.003544931    0.655210634     44.05217   -0.653932106    0.058593720    0.754280834      1.70045   -0.041065102   -0.998275618    0.041945774      0.03409
    0.826860    0.756341027   -0.004097420    0.654164706     44.07103   -0.652773120    0.060762659    0.755112676      1.72509   -0.042842801   -0.998143833    0.043282606      0.03581
    0.860227    0.755173044   -0.003203808    0.655517665     44.09041   -0.653955711    0.065481156    0.753693669      1.74950   -0.045338744   -0.997848663    0.047354455      0.03739
    0.893593    0.752444228   -0.000173986    0.658655945     44.11022   -0.656916330    0.072433786    0.750476037      1.77438   -0.047839516   -0.997373208    0.054388090      0.03881
    0.926960    0.749046577    0.004498601    0.662502067     44.13044   -0.660649668    0.080104472    0.746408259      1.79925   -0.049711585   -0.996776322    0.062973980      0.03987
    0.960327    0.745137691    0.009389771    0.666844550     44.15118   -0.664972583    0.086634767    0.741826045      1.82432   -0.050806346   -0.996195889    0.070798771      0.04096
    0.993693    0.740489387    0.015161136    0.671897022     44.17211   -0.670236974    0.090408011    0.736619841      1.84918   -0.049576880   -0.995789401    0.077107726      0.04215
    1.027060    0.735665993    0.020688519    0.677028457     44.19286   -0.675767048    0.090593301    0.731526999      1.87415   -0.046200032   -0.995673058    0.080627030      0.04316
    1.060427    0.731495129    0.024189348    0.681417457     44.21358   -0.680534276    0.087876317    0.727427558      1.89961   -0.042284458   -0.995837652    0.080742778      0.04414
    1.093793    0.728606633    0.026580499    0.684416431     44.23431   -0.683835838    0.084750356    0.724697126      1.92484   -0.038741725   -0.996047616    0.079926369      0.04491
    1.127160    0.726286083    0.027467913    0.686843533     44.25533   -0.686379690    0.083202068    0.722468226      1.94953   -0.037302108   -0.996154069    0.079281922      0.04588
    1.160527    0.724246622    0.027892585    0.688976658     44.27706   -0.688545580    0.082924236    0.720436365      1.97413   -0.037038030   -0.996165435    0.079262914      0.04678
    1.193893    0.722229054    0.027378493    0.691111867     44.29943   -0.690655000    0.082231662    0.718493998      1.99878   -0.037159995   -0.996237106    0.078299188      0.04757
    1.227260    0.720211770    0.025245743    0.693294785     44.32260   -0.692725304    0.080578160    0.716685993      2.02380   -0.037771148   -0.996428529    0.075521705      0.04823
    1.260627    0.718416967    0.022182232    0.695258952     44.34645   -0.694536663    0.078446600    0.715167781      2.04936   -0.038676683   -0.996671500    0.071763742      0.04873
    1.293993    0.716692129    0.017911799    0.697159637     44.37106   -0.696184793    0.077114255    0.713708712      2.07570   -0.040977139   -0.996861354    0.067737102      0.04936
    1.327360    0.714910113    0.013776462    0.699080638     44.39671   -0.697829811    0.076990729    0.712113742      2.10218   -0.044012320   -0.996936626    0.064655077      0.04990
    1.360727    0.712928625    0.011386811    0.701144148     44.42310   -0.699683154    0.078068168    0.710175222      2.12917   -0.046650408   -0.996882993    0.063624191      0.05053
    1.394093    0.711074568    0.011357672    0.703024865     44.44958   -0.701451646    0.080227428    0.708187227      2.15679   -0.048358519   -0.996711876    0.065014542      0.05124
    1.427460    0.710138661    0.014547988    0.703911527     44.47550   -0.702401596    0.083258419    0.706894641      2.18443   -0.048322666   -0.996421794    0.069343552      0.05229
    1.460827    0.712682396    0.025815375    0.701011675     44.49939   -0.700221572    0.086174130    0.708705701      2.21169   -0.042113567   -0.995945574    0.079491268      0.05369
    1.494193    0.714855217    0.028784907    0.698679789     44.52325   -0.697997681    0.089677028    0.710462714      2.23861   -0.042204924   -0.995554850    0.084197890      0.05526
    1.527560    0.718218835    0.030694056    0.695139971     44.54718   -0.694519168    0.092618937    0.713487812      2.26532   -0.042483290   -0.995228420    0.087838275      0.05684
    1.560927    0.722318251    0.032506395    0.690796409     44.57098   -0.690225873    0.095921928    0.717207939      2.29202   -0.042948679   -0.994857939    0.091722915      0.05860
    1.594293    0.727432377    0.034451964    0.685313942     44.59486   -0.684820091    0.099283923    0.721916993      2.31833   -0.043169199   -0.994462551    0.095815737      0.06034
    1.627660    0.732867213    0.037654136    0.679328944     44.61858   -0.679103479    0.101419353    0.727002462      2.34429   -0.041522452   -0.994130917    0.099897973      0.06207
    1.661027    0.737679807    0.039722157    0.673981196     44.64229   -0.674094611    0.099147671    0.731960514      2.36999   -0.037748616   -0.994279583    0.099915727      0.06406
    1.694393    0.741035827    0.044460448    0.669991919     44.66590   -0.670650155    0.098164352    0.735249705      2.39595   -0.033079792   -0.994176558    0.102560708      0.06614
    1.727760    0.743797220    0.048025244    0.666677787     44.68952   -0.667797407    0.095923976    0.738136311      2.42184   -0.028501208   -0.994229434    0.103419120      0.06812
    1.761127    0.745969717    0.050267146    0.664080112     44.71314   -0.665526659    0.093046856    0.740551516      2.44788   -0.024565155   -0.994392024    0.102864263      0.07006
    1.794493    0.747341928    0.051505954    0.662440321     44.73673   -0.664063558    0.091439413    0.742063625      2.47404   -0.022352459   -0.994477738    0.102539734      0.07205
    1.827860    0.749021148    0.053327361    0.660396482     44.76037   -0.662206692    0.092156982    0.743632562      2.50027   -0.021204184   -0.994315485    0.104341264      0.07402
    1.861227    0.751349055    0.054606795    0.657641768     44.78402   -0.659558139    0.094448123    0.745696060      2.52655   -0.021392958   -0.994031011    0.106979864      0.07593
    1.894593    0.754246297    0.055579656    0.654234993     44.80767   -0.656210830    0.097738066    0.748220968      2.55295   -0.022357799   -0.993658982    0.110190547      0.07789
    1.927960    0.756957443    0.058282746    0.650859855     44.83136   -0.653083500    0.101466604    0.750457507      2.57924   -0.022301815   -0.993130228    0.114869400      0.07973
    1.961327    0.757453239    0.061046404    0.650029174     44.85491   -0.652497308    0.105281339    0.750441938      2.60562   -0.022624160   -0.992566963    0.119578306      0.08139
    1.994693    0.756441894    0.063879498    0.650933999     44.87852   -0.653643832    0.109366759    0.748858233      2.63224   -0.023353854   -0.991946733    0.124484039      0.08330
    2.028060    0.754024268    0.065572727    0.653565314     44.90203   -0.656381133    0.112671013    0.745968532      2.65870   -0.024722675   -0.991466318    0.127997379      0.08505
    2.061427    0.750125517    0.066789532    0.657914027     44.92557   -0.660817982    0.113506961    0.741913583      2.68521   -0.025125761   -0.991289730    0.129280191      0.08696
    2.094793    0.745316488    0.065858262    0.663450090     44.94910   -0.666258727    0.110213699    0.737531185      2.71189   -0.024548767   -0.991723565    0.126022728      0.08901
    2.128160    0.741643047    0.060474383    0.668063200     44.97265   -0.670373583    0.102105791    0.734965079      2.73831   -0.023766562   -0.992933662    0.116266479      0.09090
    2.161527    0.740315268    0.052083253    0.670239240     44.99617   -0.671861551    0.091636392    0.734986277      2.76486   -0.023137830   -0.994429538    0.102832556      0.09303
    2.194893    0.740904041    0.043566887    0.670196336     45.01978   -0.671208187    0.082585115    0.736654104      2.79143   -0.023254515   -0.995631270    0.090430097      0.09495
    2.228260    0.741907647    0.037224062    0.669468007     45.04345   -0.670074226    0.076825541    0.738307773      2.81785   -0.023949428   -0.996349439    0.081940341      0.09653
    2.261627    0.742965284    0.032893826    0.668521191     45.06708   -0.668865519    0.073688420    0.739722200      2.84441   -0.024929977   -0.996738688    0.076749483      0.09812
    2.294993    0.743987450    0.027965242    0.667608134     45.09079   -0.667639041    0.071808607    0.741013923      2.87111   -0.027217376   -0.997026313    0.072095390      0.09978
    2.328360    0.745323005    0.022594537    0.666320572     45.11438   -0.666018956    0.070512648    0.742594585      2.89755   -0.030205447   -0.997254959    0.067603088      0.10135
    2.361727    0.746967551    0.017739035    0.664623806     45.13814   -0.664001892    0.070690779    0.744381824      2.92387   -0.033778159   -0.997340534    0.064582471      0.10287
    2.395093    0.748022392    0.013821669    0.663529549     45.16188   -0.662608415    0.072171938    0.745480583      2.95026   -0.037584428   -0.997296432    0.063144580      0.10445
    2.428460    0.748208712    0.012426920    0.663347039     45.18563   -0.662256084    0.074279164    0.745586671      2.97656   -0.040007517   -0.997160056    0.063806121      0.10598
    2.461827    0.746439511    0.011635720    0.665351536     45.20942   -0.664161296    0.075300346    0.743787356      3.00308   -0.041446699   -0.997093009    0.063935148      0.10779
    2.495193    0.742770880    0.011021141    0.669454968     45.23316   -0.668239246    0.074633312    0.740193339      3.02930   -0.041805867   -0.997150141    0.062800210      0.10937
    2.528560    0.739312761    0.011153782    0.673269809     45.25710   -0.672089186    0.073675749    0.736795772      3.05562   -0.041385597   -0.997219874    0.061965758      0.11116
    2.561927    0.737981540    0.012426674    0.674706473     45.28107   -0.673589071    0.073949239    0.735397357      3.08169   -0.040755487   -0.997184581    0.062943645      0.11287
    2.595293    0.738717424    0.013995093    0.673869947     45.30515   -0.672839951    0.074328203    0.736044644      3.10748   -0.039786529   -0.997135625    0.064323996      0.11469
    2.628660    0.739736298    0.017086735    0.672679904     45.32928   -0.671877822    0.073752059    0.736980886      3.13344   -0.037018931   -0.997130221    0.066037273      0.11689
    2.662027    0.739406106    0.020963946    0.672933223     45.35337   -0.672419605    0.072910812    0.736570355      3.15898   -0.033622687   -0.997118111    0.068007268      0.11910
    2.695393    0.736067004    0.026503113    0.676389644     45.37762   -0.676228450    0.073575815    0.733008651      3.18441   -0.030338909   -0.996937402    0.072078889      0.12140
    2.728760    0.736564610    0.029721312    0.675713859     45.40234   -0.675871196    0.070595560    0.733630965      3.21029   -0.025897924   -0.997062140    0.072085970      0.12404
    2.762127    0.739511124    0.029716760    0.672488076     45.42775   -0.672785251    0.065256265    0.736954290      3.23645   -0.021984166   -0.997425954    0.068250732      0.12697
    2.795493    0.739824551    0.031784872    0.672048625     45.45311   -0.672551050    0.062100788    0.737440558      3.26257   -0.018295296   -0.997563639    0.067320637      0.12995
    2.828860    0.740164647    0.033611310    0.671585122     45.47858   -0.672255253    0.059472830    0.737926729      3.28867   -0.015138384   -0.997663902    0.066615066      0.13309
    2.862227    0.739472323    0.034015254    0.672327039     45.50410   -0.673052084    0.057348277    0.737368339      3.31444   -0.013475026   -0.997774593    0.065301501      0.13627
    2.895593    0.737222860    0.031680826    0.674906498     45.52954   -0.675484259    0.056660478    0.735194265      3.34046   -0.014948963   -0.997890733    0.063171299      0.13985
    2.928960    0.732725868    0.030029869    0.679861022     45.55496   -0.680245683    0.060885011    0.730451111      3.36644   -0.019457995   -0.997692950    0.065039711      0.14358
    2.962327    0.733180919    0.027972666    0.679458071     45.58110   -0.679647524    0.063806417    0.730758500      3.39310   -0.022912522   -0.997570184    0.065793201      0.14764
    2.995693    0.736744960    0.025305947    0.675697027     45.60785   -0.675750512    0.062781144    0.734452022      3.41996   -0.023835028   -0.997706438    0.063354198      0.15176
    3.029060    0.733995645    0.029242440    0.678524335     45.63457   -0.678731155    0.066840717    0.731338730      3.44708   -0.023966924   -0.997335048    0.068908550      0.15598
    3.062427    0.731401791    0.032957494    0.681149927     45.66133   -0.681520666    0.070630016    0.728382442      3.47402   -0.024103970   -0.996957975    0.074120134      0.16017
    3.095793    0.729606848    0.039249401    0.682739578     45.68809   -0.683461067    0.076236131    0.725995194      3.50112   -0.023554547   -0.996316986    0.082447840      0.16415
    3.129160    0.726330549    0.039169335    0.686228603     45.71492   -0.686822724    0.080293138    0.722376327      3.52817   -0.026804448   -0.996001393    0.085221749      0.16836
    3.162527    0.719302745    0.050169505    0.692882805     45.74167   -0.694296009    0.085788919    0.714558124      3.55432   -0.023592640   -0.995049387    0.096540692      0.17204
    3.195893    0.713958635    0.052827180    0.698192206     45.76846   -0.699754267    0.088920264    0.708828014      3.58034   -0.024638051   -0.994636856    0.100451435      0.17592
    3.229260    0.709351852    0.057887707    0.702473461     45.79547   -0.704587901    0.085646512    0.704429248      3.60625   -0.019386608   -0.994642493    0.101540490      0.17973
    3.262627    0.706016278    0.056159509    0.705965385     45.82260   -0.707973823    0.080915029    0.701588073      3.63185   -0.017722368   -0.995137612    0.096886790      0.18339
    3.295993    0.704607407    0.045418443    0.708142336     45.84972   -0.709222962    0.077488515    0.700712723      3.65758   -0.023047618   -0.995958179    0.086810784      0.18727
    3.329360    0.703223187    0.045080282    0.709538525     45.87810   -0.710698782    0.072092965    0.699792716      3.68626   -0.019605883   -0.996378629    0.082735946      0.18987
    3.362727    0.702527329    0.037432742    0.710671613     45.90650   -0.711254914    0.070486083    0.699391278      3.71521   -0.023912325   -0.996810163    0.076142621      0.19266
    3.396093    0.702035444    0.035121763    0.711275402     45.93462   -0.711721618    0.068916252    0.699072878      3.74284   -0.024465763   -0.997004018    0.073378569      0.19515
    3.429460    0.701440169    0.033585538    0.711936585     45.96245   -0.712259576    0.069254248    0.698491335      3.76968   -0.025845425   -0.997033530    0.072499333      0.19806
    3.462827    0.700223574    0.035322963    0.713049251     45.99061   -0.713436607    0.071507069    0.697061652      3.79701   -0.026365780   -0.996814440    0.075271630      0.20036
    3.496193    0.699068065    0.038386963    0.714024006     46.01858   -0.714551496    0.074973703    0.695553811      3.82364   -0.026832826   -0.996446378    0.079841183      0.20267
    3.529560    0.698208387    0.040828874    0.714729356     46.04638   -0.715368631    0.078053576    0.694374079      3.84898   -0.027436671   -0.996112766    0.083705357      0.20516
    3.562927    0.697729162    0.041742556    0.715144444     46.07414   -0.715813995    0.079654241    0.693733037      3.87414   -0.028006098   -0.995948172    0.085456993      0.20736
    3.596293    0.697904057    0.040543953    0.715042736     46.10213   -0.715593999    0.080241624    0.693892291      3.89975   -0.029243054   -0.995950536    0.085013964      0.20939
    3.629660    0.699421542    0.037038672    0.713749005     46.13043   -0.714010480    0.080364874    0.695507384      3.92563   -0.031599679   -0.996077117    0.082654924      0.21109
    3.663027    0.702805527    0.033844310    0.710576494     46.15886   -0.710631093    0.079284670    0.699083250      3.95189   -0.032677833   -0.996277323    0.079772523      0.21306
    3.696393    0.706476654    0.033079230    0.706962872     46.18748   -0.707059995    0.076649134    0.702987250      3.97879   -0.030933815   -0.996509245    0.077539823      0.21448
    3.729760    0.709573698    0.033582731    0.703830496     46.21618   -0.704068667    0.073697290    0.706297403      4.00630   -0.028151004   -0.996715059    0.075938207      0.21602
    3.763127    0.712809215    0.032527465    0.700603302     46.24462   -0.700844399    0.071255573    0.709746273      4.03363   -0.026835642   -0.996927584    0.073588321      0.21762
    3.796493    0.716878064    0.033577267    0.696389552     46.27285   -0.696800552    0.068251145    0.714010345      4.06016   -0.023554868   -0.997102978    0.072324407      0.21950
    3.829860    0.720567338    0.036425636    0.692427530     46.30083   -0.693141012    0.064327987    0.717925796      4.08603   -0.018391565   -0.997263798    0.071600749      0.22153
    3.863227    0.723646800    0.037671102    0.689141637     46.32849   -0.690031341    0.059540207    0.721326357      4.11194   -0.013858477   -0.997514838    0.069080321      0.22377
    3.896593    0.727052315    0.035739338    0.685651246     46.35608   -0.686492815    0.053942710    0.725132953      4.13797   -0.011070115   -0.997904246    0.063753970      0.22612
    3.929960    0.730723940    0.032474376    0.681900241     46.38375   -0.682614778    0.047810512    0.729212740      4.16528   -0.008921271   -0.998328388    0.057103775      0.22823
    3.963327    0.733345376    0.028383155    0.679263539     46.41146   -0.679811893    0.042031007    0.732181115      4.19402   -0.007768520   -0.998713067    0.050118451      0.22965
    3.996693    0.734901052    0.024796235    0.677720880     46.43932   -0.678136815    0.037382244    0.733984351      4.22445   -0.007134679   -0.998993351    0.044287491      0.23093
    4.030060    0.736081149    0.021259742    0.676559359     46.46709   -0.676848192    0.034656192    0.735306380      4.25566   -0.007814547   -0.999173144    0.039899388      0.23156
    4.063427    0.737711521    0.020921492    0.674791822     46.49489   -0.675079164    0.033311454    0.736992856      4.28762   -0.007059307   -0.999226020    0.038697907      0.23214
    4.096793    0.739500574    0.024691418    0.672702932     46.52275   -0.673142797    0.033365724    0.738759435      4.32036   -0.004204202   -0.999138160    0.041294822      0.23259
    4.130160    0.740463480    0.033305275    0.671270879     46.55058   -0.672096002    0.035364852    0.739619018      4.35312    0.000893819   -0.998819346    0.048570723      0.23270
    4.163527    0.739491379    0.044845532    0.671670588     46.57796   -0.673130560    0.039019182    0.738493570      4.38445    0.006910100   -0.998231627    0.059041246      0.23313
    4.196893    0.736237452    0.055831321    0.674416249     46.60497   -0.676616621    0.043037535    0.735076676      4.41408    0.012015089   -0.997512223    0.069462245      0.23414
    4.230260    0.731936291    0.063246242    0.678431411     46.63181   -0.681220390    0.046847008    0.730577948      4.44234    0.014423828   -0.996897824    0.077373654      0.23574
    4.263627    0.728288918    0.066431750    0.682042575     46.65855   -0.685125143    0.050109251    0.726699801      4.46905    0.014099297   -0.996531929    0.082008075      0.23805
    4.296993    0.726061474    0.066781889    0.684379219     46.68506   -0.687505367    0.051568531    0.724345951      4.49462    0.013080760   -0.996434075    0.083354830      0.24060
    4.330360    0.725125597    0.064419603    0.685596808     46.71153   -0.688520793    0.051215297    0.723405910      4.52044    0.011488478   -0.996607801    0.081491759      0.24311
    4.363727    0.725173801    0.061114528    0.685848360     46.73802   -0.688494191    0.049985239    0.723517259      4.54692    0.009935121   -0.996878373    0.078324983      0.24557
    4.397093    0.725508636    0.056899692    0.685856869     46.76424   -0.688165484    0.048260840    0.723946930      4.57400    0.008092328   -0.997212774    0.074170060      0.24795
    4.430460    0.726413942    0.052669159    0.685236269     46.79038   -0.687230492    0.046838764    0.724927846      4.60123    0.006085720   -0.997512952    0.070220183      0.25023
    4.463827    0.727749027    0.047687214    0.684183662     46.81602   -0.685835858    0.045880548    0.726308579      4.62623    0.003244911   -0.997808050    0.066095125      0.25375
    4.497193    0.729645140    0.047156930    0.682198060     46.84191   -0.683824864    0.048514921    0.728031495      4.65410    0.001234945   -0.997708638    0.067645757      0.25582
    4.530560    0.730978479    0.049051438    0.680635306     46.86758   -0.682400415    0.053082859    0.729048615      4.68317   -0.000369185   -0.997384663    0.072275149      0.25751
    4.563927    0.731225686    0.053305761    0.680049624     46.89323   -0.682135364    0.057994327    0.728922494      4.71224   -0.000583252   -0.996892749    0.078768686      0.25926
    4.597293    0.730715219    0.062865178    0.679781758     46.91877   -0.682674015    0.062350166    0.728058133      4.74083    0.003384999   -0.996072500    0.088476639      0.26080
    4.630660    0.729710374    0.057733022    0.681314662     46.94474   -0.683751938    0.065199267    0.726795943      4.76959   -0.002461091   -0.996200760    0.087051647      0.26244
    4.664027    0.729036448    0.058835024    0.681941564     46.97079   -0.684467163    0.067394562    0.725921949      4.79900   -0.003249518   -0.995990167    0.089403734      0.26358
    4.697393    0.729130846    0.059932372    0.681745055     46.99695   -0.684364525    0.069180481    0.725850714      4.82894   -0.003661496   -0.995802275    0.091457212      0.26434
    4.730760    0.729939269    0.061189201    0.680767614     47.02316   -0.683502850    0.070499857    0.726535356      4.85925   -0.003537901   -0.995633292    0.093283607      0.26522
    4.764127    0.730656773    0.070485920    0.679096764     47.04932   -0.682743261    0.073213422    0.726981042      4.88970    0.001522929   -0.994822361    0.101617670      0.26610
    4.797493    0.731525060    0.067341275    0.678480832     47.07572   -0.681813030    0.074355187    0.727737795      4.91980   -0.001441778   -0.994955506    0.100306842      0.26721
    4.830860    0.731847258    0.072578407    0.677592773     47.10226   -0.681467830    0.076353442    0.727854208      4.94837    0.001089958   -0.994435783    0.105338907      0.26924
    4.864227    0.732629109    0.069821611    0.677037319     47.12875   -0.680628010    0.074691027    0.728811884      4.97568    0.000318207   -0.994759364    0.102243365      0.27232
    4.897593    0.733228357    0.073005777    0.676052020     47.15509   -0.679964006    0.071391038    0.729761790      5.00340    0.005012771   -0.994773078    0.101987234      0.27565
    4.930960    0.732245595    0.082280588    0.676051990     47.18126   -0.680897979    0.068129310    0.729202537      5.03123    0.013940258   -0.994277779    0.105912074      0.27881
    4.964327    0.731803771    0.085071612    0.676184932     47.20791   -0.681247871    0.063515308    0.729292221      5.05955    0.019093970   -0.994348343    0.104435596      0.28180
    4.997693    0.731106209    0.086597628    0.676745566     47.23501   -0.681856514    0.058478646    0.729144665      5.08863    0.023567034   -0.994525565    0.101801258      0.28456
    5.031060    0.731485113    0.082909479    0.676798011     47.26295   -0.681434942    0.053953533    0.729887276      5.11820    0.023998930   -0.995095490    0.095963622      0.28678
    5.064427    0.729751292    0.081957256    0.678782778     47.29104   -0.683196201    0.048827690    0.728600582      5.14753    0.026570709   -0.995439031    0.091624956      0.28878
    5.097793    0.730403037    0.078313861    0.678511859     47.32021   -0.682454772    0.043400951    0.729638158      5.17816    0.027692721   -0.995983583    0.085145854      0.29004
    5.131160    0.731916172    0.073500956    0.677418871     47.34601   -0.680826166    0.038281914    0.731443933      5.20899    0.027828938   -0.996560136    0.078060526      0.29128
    5.164527    0.730669861    0.072951236    0.678822267     47.36599   -0.682055489    0.033779269    0.730519864      5.23829    0.030362207   -0.996763301    0.074438285      0.29334
    5.197893    0.730817294    0.074132221    0.678535553     47.39774   -0.681806737    0.032188410    0.730823836      5.27653    0.032336614   -0.996728810    0.074067695      0.29336
    5.231260    0.726716847    0.077990667    0.682495480     47.42425   -0.686005336    0.030663905    0.726950070      5.31121    0.035767344   -0.996482404    0.075785990      0.29395
    5.264627    0.722554966    0.084465041    0.686134082     47.44900   -0.690255126    0.033248579    0.722801766      5.34225    0.038238498   -0.995871572    0.082326353      0.29317
    5.297993    0.716011876    0.086076859    0.692760974     47.47598   -0.696924358    0.030862775    0.716480236      5.37375    0.040291843   -0.995810355    0.082087173      0.29369
    5.331360    0.710796938    0.083915534    0.698373751     47.49990   -0.702385330    0.031438268    0.711102302      5.40177    0.037716868   -0.995976816    0.081287265      0.29282
    5.364727    0.710162917    0.080233541    0.699450649     47.52826   -0.703088451    0.029258280    0.710500234      5.43260    0.036541227   -0.996346592    0.077189421      0.28982
    5.398093    0.711812583    0.072330535    0.698635199     47.55463   -0.701717028    0.030372042    0.711808086      5.45545    0.030266482   -0.996918168    0.072374769      0.29054
    5.431460    0.713473309    0.067305060    0.697442375     47.58457   -0.700123124    0.028716748    0.713444433      5.48498    0.027990143   -0.997319095    0.067610462      0.29101
    5.464827    0.717058567    0.063334994    0.694129448     47.61187   -0.696602540    0.030949757    0.716789379      5.51347    0.023914714   -0.997512301    0.066312106      0.29267
    5.498193    0.717714140    0.060863011    0.693672911     47.63591   -0.695980071    0.030769345    0.717401553      5.54018    0.022319358   -0.997671760    0.064443036      0.29527
    5.531560    0.721258009    0.058856533    0.690161426     47.66373   -0.692332377    0.030311982    0.720941789      5.57265    0.021511973   -0.997806140    0.062611043      0.29665
    5.564927    0.721960487    0.057607607    0.689532029     47.68680   -0.691602610    0.029227143    0.721686638      5.60161    0.021421589   -0.997911388    0.060942414      0.29897
    5.598293    0.723885761    0.056657319    0.687589524     47.71183   -0.689601298    0.029136885    0.723602855      5.63357    0.020963181   -0.997968431    0.060162737      0.30046
    5.631660    0.725368692    0.056250648    0.686058398     47.73720   -0.688071259    0.030357654    0.725007831      5.66669    0.019955037   -0.997955048    0.060724946      0.30137
    5.665027    0.726749880    0.057251501    0.684512146     47.76269   -0.686621573    0.032066465    0.726307481      5.70002    0.019632309   -0.997844681    0.062614415      0.30174
    5.698393    0.728733015    0.059931249    0.682170388     47.78868   -0.684488142    0.033787476    0.728240613      5.73363    0.020595554   -0.997630519    0.065644278      0.30183
    5.731760    0.731811033    0.063115070    0.678578736     47.81484   -0.681164093    0.036129606    0.731238764      5.76711    0.021635403   -0.997352064    0.069431764      0.30141
    5.765127    0.735763597    0.065829960    0.674031413     47.84100   -0.676888347    0.039483348    0.735026007      5.79995    0.021773716   -0.997049388    0.073609943      0.30096
    5.798493    0.739691845    0.068090686    0.669492071     47.86712   -0.672633745    0.044518357    0.738635202      5.83152    0.020489491   -0.996685394    0.078729959      0.30077
    5.831860    0.743060704    0.069253985    0.665631035     47.89361   -0.668996238    0.050920088    0.741519506      5.86210    0.017459190   -0.996298665    0.084167372      0.30134
    5.865227    0.746058551    0.069550221    0.662238179     47.92072   -0.665712078    0.055548084    0.744138321      5.89189    0.014968922   -0.996030711    0.087742545      0.30302
    5.898593    0.748364017    0.069705771    0.659615345     47.94866   -0.663109637    0.055548533    0.746458284      5.92052    0.015391785   -0.996019812    0.087793092      0.30536
    5.931960    0.749675257    0.069704353    0.658124846     47.97735   -0.661553423    0.051464598    0.748129978      5.94898    0.018277785   -0.996239278    0.084694889      0.30817
    5.965327    0.750480228    0.069641382    0.657213440     48.00686   -0.660486639    0.044170237    0.749537451      5.97773    0.023169550   -0.996593733    0.079146092      0.31100
    5.998693    0.750891176    0.068991255    0.656812492     48.03684   -0.659839791    0.036479815    0.750520269      6.00655    0.027818937   -0.996950064    0.072915546      0.31356
    6.032060    0.750663390    0.067897150    0.657186771     48.06714   -0.659933437    0.029628934    0.750739626      6.03544    0.031501338   -0.997252277    0.067048956      0.31575
    6.065427    0.750121070    0.066863460    0.657911588     48.09796   -0.660443112    0.025100580    0.750456432      6.06484    0.033664151   -0.997446359    0.062987985      0.31747
    6.098793    0.750222444    0.066986901    0.657783430     48.12911   -0.660267992    0.023509361    0.750662034      6.09455    0.034820455   -0.997476849    0.061866557      0.31874
    6.132160    0.751660782    0.068095411    0.656025215     48.16025   -0.658617897    0.024636765    0.752074129      6.12492    0.035050458   -0.997374576    0.063367346      0.31978
    6.165527    0.754257855    0.070571666    0.652774638     48.19180   -0.655642442    0.027890738    0.754556224      6.15497    0.035043923   -0.997116717    0.067306587      0.32011
    6.198893    0.756353756    0.074737385    0.649879465     48.22350   -0.653216796    0.032878762    0.756456744      6.18429    0.035168366   -0.996661081    0.073687690      0.32005
    6.232260    0.756332436    0.080118910    0.649262818     48.25504   -0.653209081    0.038230667    0.756211818      6.21299    0.035765116   -0.996051894    0.081249493      0.31948
    6.265627    0.753898954    0.085268429    0.651433544     48.28634   -0.655972640    0.042524901    0.753585780      6.24167    0.036554929   -0.995450113    0.087993234      0.31853
    6.298993    0.749571606    0.088692444    0.655954311     48.31676   -0.660905532    0.045350005    0.749097627      6.27099    0.036691769   -0.995026144    0.092610403      0.31773
    6.332360    0.745058659    0.090038166    0.660893882     48.34642   -0.665935769    0.044492361    0.744681127      6.30099    0.037644994   -0.994943998    0.093109055      0.31707
    6.365727    0.741838793    0.089923693    0.664521583     48.37547   -0.669371321    0.039871733    0.741857318      6.33183    0.040214922   -0.995150227    0.089770740      0.31684
    6.399093    0.740330767    0.087871621    0.666475006     48.40350   -0.670898273    0.033906087    0.740773842      6.36309    0.042495439   -0.995554597    0.084054638      0.31724
    6.432460    0.740047129    0.083326712    0.667373139     48.43143   -0.671231112    0.029277309    0.740669719      6.39383    0.042178682   -0.996092113    0.077598070      0.31766
    6.465827    0.740504247    0.077077088    0.667617093     48.45946   -0.670907405    0.026837884    0.741055317      6.42492    0.039200956   -0.996663860    0.071585156      0.31873
    6.499193    0.742079054    0.070498841    0.666594773     48.48764   -0.669375607    0.025381380    0.742490459      6.45618    0.035425621   -0.997188898    0.066025195      0.32026
    6.532560    0.744176708    0.064723306    0.664839771     48.51628   -0.667221335    0.024513643    0.744456024      6.48698    0.031886010   -0.997602113    0.061427253      0.32199
    6.565927    0.745588675    0.060777948    0.663629090     48.54559   -0.665781215    0.024809322    0.745734451      6.51742    0.028860022   -0.997842943    0.058962365      0.32345
    6.599293    0.745675756    0.059432492    0.663653106     48.57591   -0.665777266    0.026675608    0.745673551      6.54785    0.026613887   -0.997875839    0.059460156      0.32435
    6.632660    0.744654478    0.060297707    0.664720915     48.60669   -0.666978887    0.029806640    0.744480174      6.57909    0.025077350   -0.997735311    0.062412946      0.32389
    6.666027    0.743818065    0.061944730    0.665505474     48.63756   -0.667957856    0.033419974    0.743448322      6.61131    0.023811530   -0.997519902    0.066234850      0.32259
    6.699393    0.744257944    0.063192116    0.664896134     48.66827   -0.667525373    0.037384805    0.743647936      6.64445    0.022135674   -0.997300924    0.070006280      0.32031
    6.732760    0.746572063    0.063590219    0.662258589     48.69881   -0.665008590    0.041637724    0.745674108      6.67808    0.019842639   -0.997107108    0.073373603      0.31783
    6.766127    0.749424552    0.063594575    0.659028505     48.72882   -0.661849213    0.045128451    0.748277383      6.71077    0.017845447   -0.996954940    0.075910388      0.31620
    6.799493    0.750924780    0.063418105    0.657335621     48.75614   -0.660183486    0.047335272    0.749611324      6.74115    0.016423770   -0.996863840    0.077412814      0.31668
    6.832860    0.752197235    0.062751607    0.655943256     48.78448   -0.658776178    0.049553563    0.750705263      6.77254    0.014603636   -0.996798214    0.078613317      0.31755
    6.866227    0.753742746    0.061184097    0.654315199     48.81378   -0.657030350    0.049665409    0.752226339      6.80433    0.013527457   -0.996890091    0.077634750      0.31951
    6.899593    0.754621373    0.059732319    0.653436021     48.84465   -0.655988599    0.045884789    0.753374770      6.83575    0.015018048   -0.997159283    0.073809363      0.32338
    6.932960    0.755144448    0.060242882    0.652784541     48.87676   -0.655177842    0.035427883    0.754643532      6.86695    0.022335127   -0.997554841    0.066222971      0.32931
    6.966327    0.754107787    0.061450081    0.653869507     48.91107   -0.656265421    0.032241750    0.753840943      6.89857    0.025241690   -0.997589273    0.064641318      0.33597
    6.999693    0.754567600    0.062112187    0.653276216     48.94531   -0.655413239    0.021913119    0.754952516      6.92997    0.032576432   -0.997828588    0.057244079      0.34232
    7.033060    0.752945982    0.062956999    0.655063939     48.97914   -0.657162069    0.019307974    0.753501969      6.96251    0.034790265   -0.997829454    0.055910813      0.34631
    7.066427    0.751551123    0.062614278    0.656696553     49.01293   -0.658636703    0.015395696    0.752303573      6.99502    0.036994644   -0.997919047    0.052810714      0.35020
    7.099793    0.752718792    0.060843516    0.655524589     49.04686   -0.657148943    0.009516862    0.753700667      7.02733    0.039619262   -0.998101947    0.047146773      0.35369
